utterance_id,true_label_idx,true_label,pred_label_idx,pred_label,correct,p_anger,p_fear,p_joy,p_neutral,p_sadness
dia0_utt0,4,sadness,4,sadness,True,0.1423998475074768,0.1652875691652298,0.14561669528484344,0.018713027238845825,0.5279828310012817
dia1_utt0,3,neutral,2,joy,False,0.29686373472213745,0.13798706233501434,0.3942418396472931,0.09722834080457687,0.07367905229330063
dia1_utt1,2,joy,2,joy,True,0.06180555745959282,0.09946674853563309,0.7869642376899719,0.01454099453985691,0.037222493439912796
dia1_utt2,4,sadness,2,joy,False,0.03666207566857338,0.07542800158262253,0.8454986214637756,0.013733104802668095,0.028678208589553833
dia1_utt3,3,neutral,3,neutral,True,0.07575676590204239,0.17421522736549377,0.08032826334238052,0.5619618892669678,0.10773781687021255
dia1_utt4,3,neutral,3,neutral,True,0.05327937379479408,0.16495558619499207,0.0810234546661377,0.6232962012290955,0.07744535803794861
dia1_utt5,2,joy,2,joy,True,0.05422479286789894,0.09792806953191757,0.7584840655326843,0.052762169390916824,0.03660086169838905
dia1_utt6,3,neutral,3,neutral,True,0.22005459666252136,0.14624837040901184,0.2229204922914505,0.25266367197036743,0.15811289846897125
dia1_utt8,3,neutral,3,neutral,True,0.06803939491510391,0.2531675696372986,0.07002801448106766,0.5156753659248352,0.09308968484401703
dia1_utt9,3,neutral,3,neutral,True,0.1238737627863884,0.19708172976970673,0.1412956863641739,0.4215221703052521,0.1162266656756401
dia1_utt11,0,anger,4,sadness,False,0.07634023576974869,0.2227390557527542,0.13740992546081543,0.18701636791229248,0.3764944076538086
dia1_utt12,3,neutral,3,neutral,True,0.10719265788793564,0.14294636249542236,0.08949724584817886,0.5756707787513733,0.08469292521476746
dia1_utt13,2,joy,1,fear,False,0.17429479956626892,0.37823978066444397,0.30556100606918335,0.08144140988588333,0.060463037341833115
dia1_utt14,3,neutral,2,joy,False,0.05602056905627251,0.13430437445640564,0.390381783246994,0.32332196831703186,0.09597127884626389
dia1_utt15,3,neutral,2,joy,False,0.052614644169807434,0.195964977145195,0.4554097652435303,0.2322033941745758,0.0638071745634079
dia2_utt0,3,neutral,3,neutral,True,0.05163080245256424,0.19108380377292633,0.07758273184299469,0.614721417427063,0.06498125195503235
dia2_utt4,2,joy,2,joy,True,0.08894878625869751,0.11255166679620743,0.7172777652740479,0.03478185832500458,0.046439871191978455
dia2_utt5,3,neutral,3,neutral,True,0.16291868686676025,0.15648624300956726,0.2516566812992096,0.30325958132743835,0.12567885220050812
dia3_utt0,3,neutral,3,neutral,True,0.08362512290477753,0.1683920919895172,0.08119087666273117,0.60153728723526,0.06525463610887527
dia3_utt1,2,joy,2,joy,True,0.12404119968414307,0.12991474568843842,0.6728562712669373,0.027421748265624046,0.045766089111566544
dia4_utt0,3,neutral,2,joy,False,0.15569323301315308,0.22052963078022003,0.5415685176849365,0.03736152499914169,0.04484708607196808
dia4_utt1,3,neutral,3,neutral,True,0.07161938399076462,0.2344871461391449,0.1387256681919098,0.4524274170398712,0.10274040699005127
dia4_utt3,3,neutral,3,neutral,True,0.140789195895195,0.20534780621528625,0.0875675305724144,0.4726926386356354,0.09360282868146896
dia4_utt4,3,neutral,3,neutral,True,0.0720302015542984,0.14594975113868713,0.07192476838827133,0.6069419980049133,0.10315331816673279
dia4_utt5,3,neutral,1,fear,False,0.04197812080383301,0.45707330107688904,0.08103355020284653,0.24972282350063324,0.17019225656986237
dia4_utt6,0,anger,1,fear,False,0.2891729176044464,0.30692246556282043,0.22318288683891296,0.10919637978076935,0.07152536511421204
dia4_utt7,3,neutral,4,sadness,False,0.18559697270393372,0.10197224467992783,0.11860797554254532,0.28879475593566895,0.3050280511379242
dia4_utt8,3,neutral,4,sadness,False,0.2505400478839874,0.08649980276823044,0.10634464770555496,0.23381425440311432,0.32280123233795166
dia4_utt10,3,neutral,3,neutral,True,0.05287310481071472,0.20759117603302002,0.07721216231584549,0.5836269855499268,0.0786965936422348
dia4_utt14,3,neutral,4,sadness,False,0.08725427091121674,0.24832165241241455,0.11100210249423981,0.19615106284618378,0.3572709262371063
dia5_utt0,0,anger,0,anger,True,0.5619932413101196,0.08681800961494446,0.06037244573235512,0.09435516595840454,0.19646109640598297
dia5_utt2,0,anger,2,joy,False,0.14266006648540497,0.18632517755031586,0.28541550040245056,0.25071263313293457,0.13488659262657166
dia5_utt3,0,anger,2,joy,False,0.17106443643569946,0.16378968954086304,0.33134931325912476,0.1805863380432129,0.15321020781993866
dia5_utt4,0,anger,3,neutral,False,0.09195005893707275,0.20395033061504364,0.07081105560064316,0.4606201648712158,0.17266832292079926
dia5_utt5,0,anger,3,neutral,False,0.2704203426837921,0.135499507188797,0.04142982140183449,0.3824726641178131,0.1701776385307312
dia5_utt6,0,anger,4,sadness,False,0.15668989717960358,0.04636269807815552,0.0610915832221508,0.12155815958976746,0.61429762840271
dia5_utt7,0,anger,3,neutral,False,0.1681237667798996,0.08131919801235199,0.17564192414283752,0.33296921849250793,0.24194589257240295
dia5_utt8,0,anger,3,neutral,False,0.13495783507823944,0.23432762920856476,0.09031928330659866,0.46875467896461487,0.07164058089256287
dia5_utt9,0,anger,0,anger,True,0.544866144657135,0.08553944528102875,0.044333964586257935,0.19980987906455994,0.12545061111450195
dia5_utt10,0,anger,0,anger,True,0.5948180556297302,0.08714742213487625,0.037035923451185226,0.15845991671085358,0.1225387454032898
dia5_utt11,0,anger,2,joy,False,0.05394706502556801,0.14078469574451447,0.4836505353450775,0.24153797328472137,0.08007972687482834
dia5_utt12,0,anger,2,joy,False,0.05394706502556801,0.14078469574451447,0.4836505353450775,0.24153797328472137,0.08007972687482834
dia6_utt0,2,joy,2,joy,True,0.043502915650606155,0.0876961275935173,0.7510413527488708,0.05550539866089821,0.06225422024726868
dia6_utt1,3,neutral,3,neutral,True,0.12494616955518723,0.10840944945812225,0.17864970862865448,0.4558640122413635,0.13213065266609192
dia6_utt2,3,neutral,2,joy,False,0.06542188674211502,0.1385657638311386,0.3964756429195404,0.2795008420944214,0.12003584951162338
dia6_utt3,3,neutral,3,neutral,True,0.09316735714673996,0.16301554441452026,0.3205355107784271,0.35341721773147583,0.06986435502767563
dia6_utt5,4,sadness,3,neutral,False,0.11141285300254822,0.13998204469680786,0.06123580038547516,0.4849607050418854,0.20240862667560577
dia6_utt6,3,neutral,3,neutral,True,0.12241582572460175,0.15057404339313507,0.11678148061037064,0.5115039348602295,0.09872475266456604
dia6_utt7,3,neutral,3,neutral,True,0.10695140063762665,0.1941373646259308,0.06728892028331757,0.521571934223175,0.11005045473575592
dia7_utt0,2,joy,2,joy,True,0.02994038164615631,0.09328717738389969,0.8292296528816223,0.020081400871276855,0.027461424469947815
dia7_utt1,2,joy,2,joy,True,0.053472720086574554,0.09896256029605865,0.7435944676399231,0.052746620029211044,0.05122372880578041
dia7_utt2,3,neutral,3,neutral,True,0.09415477514266968,0.21150872111320496,0.08362040668725967,0.5144931077957153,0.09622300416231155
dia7_utt3,3,neutral,3,neutral,True,0.0898233950138092,0.12957632541656494,0.11873549222946167,0.5683947801589966,0.09346999228000641
dia7_utt5,2,joy,2,joy,True,0.03863368555903435,0.09006756544113159,0.829662561416626,0.013768541626632214,0.027867591008543968
dia7_utt7,0,anger,3,neutral,False,0.14267952740192413,0.1059398502111435,0.1687909960746765,0.35456058382987976,0.2280290722846985
dia7_utt9,2,joy,2,joy,True,0.03548239544034004,0.09829345345497131,0.7884829640388489,0.04360148683190346,0.03413974866271019
dia7_utt10,2,joy,2,joy,True,0.043516986072063446,0.12060979008674622,0.7399979829788208,0.05429014563560486,0.04158506542444229
dia8_utt0,3,neutral,2,joy,False,0.12477000057697296,0.18205522000789642,0.3522403836250305,0.24482515454292297,0.09610927104949951
dia8_utt1,3,neutral,1,fear,False,0.06304826587438583,0.7949859499931335,0.061317700892686844,0.018121052533388138,0.06252708286046982
dia8_utt2,3,neutral,0,anger,False,0.8125472068786621,0.07827343046665192,0.03255363181233406,0.014049078337848186,0.06257665157318115
dia8_utt3,3,neutral,3,neutral,True,0.1134861633181572,0.2139439433813095,0.2234463095664978,0.38920366764068604,0.059919919818639755
dia8_utt4,3,neutral,3,neutral,True,0.08678772300481796,0.20839636027812958,0.13587120175361633,0.4897690713405609,0.07917561382055283
dia8_utt5,3,neutral,3,neutral,True,0.15647278726100922,0.14192765951156616,0.10135995596647263,0.5111167430877686,0.08912286162376404
dia8_utt6,3,neutral,3,neutral,True,0.1085289791226387,0.19215576350688934,0.1619299203157425,0.4390978515148163,0.098287433385849
dia8_utt7,2,joy,0,anger,False,0.48470380902290344,0.11507105082273483,0.16796985268592834,0.08572256565093994,0.14653274416923523
dia8_utt8,3,neutral,3,neutral,True,0.07501737028360367,0.1685597002506256,0.13544566929340363,0.5151600241661072,0.1058172807097435
dia8_utt9,3,neutral,3,neutral,True,0.11848152428865433,0.1853538602590561,0.07425252348184586,0.4380680024623871,0.18384410440921783
dia8_utt10,3,neutral,2,joy,False,0.027660490944981575,0.09977048635482788,0.7668341994285583,0.06445403397083282,0.04128072410821915
dia8_utt11,3,neutral,2,joy,False,0.11819112300872803,0.17875197529792786,0.30589157342910767,0.16853801906108856,0.2286272644996643
dia8_utt12,3,neutral,3,neutral,True,0.14059299230575562,0.30532652139663696,0.1428418755531311,0.3116527497768402,0.0995858758687973
dia8_utt13,3,neutral,3,neutral,True,0.06656473129987717,0.17358562350273132,0.2591870129108429,0.40182891488075256,0.09883368760347366
dia8_utt14,2,joy,2,joy,True,0.025944726541638374,0.1329943686723709,0.6542617082595825,0.11695950478315353,0.069839708507061
dia9_utt0,3,neutral,3,neutral,True,0.056845225393772125,0.1781136840581894,0.1289145052433014,0.5699268579483032,0.06619970500469208
dia9_utt1,4,sadness,4,sadness,True,0.35115596652030945,0.09616490453481674,0.04499462619423866,0.11727842688560486,0.39040613174438477
dia9_utt2,3,neutral,3,neutral,True,0.19887225329875946,0.1528533697128296,0.15134944021701813,0.36112359166145325,0.13580133020877838
dia9_utt3,2,joy,2,joy,True,0.08546441793441772,0.144283726811409,0.7039749026298523,0.030361883342266083,0.035915061831474304
dia9_utt4,3,neutral,3,neutral,True,0.0916292816400528,0.28272080421447754,0.06918229907751083,0.453997939825058,0.10246971249580383
dia9_utt5,3,neutral,3,neutral,True,0.11426602303981781,0.15449079871177673,0.12641921639442444,0.4780338704586029,0.1267901360988617
dia9_utt6,3,neutral,3,neutral,True,0.1065015196800232,0.31494179368019104,0.12232839316129684,0.334436297416687,0.12179198861122131
dia9_utt7,3,neutral,0,anger,False,0.3722262382507324,0.09231574088335037,0.05399210378527641,0.29618555307388306,0.18528033792972565
dia10_utt0,3,neutral,3,neutral,True,0.06682319194078445,0.30853503942489624,0.10645778477191925,0.4566536545753479,0.06153036281466484
dia10_utt1,3,neutral,3,neutral,True,0.14826886355876923,0.14661306142807007,0.23644180595874786,0.37379589676856995,0.09488029778003693
dia10_utt2,1,fear,1,fear,True,0.31248608231544495,0.4424007833003998,0.16624397039413452,0.04475488141179085,0.0341142863035202
dia10_utt3,2,joy,0,anger,False,0.270866334438324,0.19282475113868713,0.26994210481643677,0.1675443798303604,0.09882243722677231
dia10_utt4,0,anger,0,anger,True,0.7083011269569397,0.08264496177434921,0.09146846830844879,0.04827115312218666,0.06931424885988235
dia10_utt5,0,anger,0,anger,True,0.6443679332733154,0.10270015150308609,0.13140760362148285,0.035649623721838,0.08587468415498734
dia10_utt6,0,anger,0,anger,True,0.38390955328941345,0.1288921982049942,0.28114864230155945,0.0964062437415123,0.1096433773636818
dia10_utt7,0,anger,0,anger,True,0.523705005645752,0.11333868652582169,0.2579899728298187,0.044461339712142944,0.0605049654841423
dia10_utt8,3,neutral,3,neutral,True,0.12459579110145569,0.26916879415512085,0.12119065225124359,0.3995576798915863,0.08548713475465775
dia10_utt9,3,neutral,2,joy,False,0.2043342888355255,0.20826272666454315,0.4425097107887268,0.0882485955953598,0.05664469674229622
dia11_utt0,3,neutral,3,neutral,True,0.07994616031646729,0.13000327348709106,0.11667650938034058,0.534198522567749,0.13917550444602966
dia11_utt1,3,neutral,2,joy,False,0.057711899280548096,0.1013370230793953,0.7629942893981934,0.04462897405028343,0.033327773213386536
dia11_utt2,3,neutral,1,fear,False,0.23179933428764343,0.2410331666469574,0.11258450150489807,0.23225252330303192,0.18233045935630798
dia11_utt4,0,anger,0,anger,True,0.620578944683075,0.10672727972269058,0.06871511787176132,0.08652538806200027,0.11745331436395645
dia11_utt5,1,fear,1,fear,True,0.32128089666366577,0.4270853102207184,0.035748738795518875,0.06607383489608765,0.1498112827539444
dia11_utt6,3,neutral,1,fear,False,0.05485377460718155,0.40730157494544983,0.04309729114174843,0.37669235467910767,0.11805500090122223
dia11_utt7,1,fear,0,anger,False,0.6945191621780396,0.109233558177948,0.08075051009654999,0.04494442790746689,0.07055231928825378
dia11_utt8,0,anger,3,neutral,False,0.17103590071201324,0.1529230773448944,0.09199702739715576,0.49334049224853516,0.09070352464914322
dia11_utt9,3,neutral,3,neutral,True,0.10505543649196625,0.11742692440748215,0.07764289528131485,0.5965616106987,0.1033131331205368
dia11_utt10,0,anger,0,anger,True,0.8869938850402832,0.05105888843536377,0.018364081159234047,0.008469494991004467,0.035113655030727386
dia11_utt11,3,neutral,3,neutral,True,0.07315662503242493,0.2375982403755188,0.07821779698133469,0.4962865114212036,0.11474082618951797
dia11_utt12,0,anger,0,anger,True,0.7739570736885071,0.12469027191400528,0.012844088487327099,0.009905776008963585,0.07860277593135834
dia12_utt0,3,neutral,3,neutral,True,0.05254541337490082,0.24511240422725677,0.07836175709962845,0.5515607595443726,0.07241971045732498
dia12_utt1,3,neutral,2,joy,False,0.08894878625869751,0.11255166679620743,0.7172777652740479,0.03478185832500458,0.046439871191978455
dia12_utt2,3,neutral,3,neutral,True,0.046226173639297485,0.38894152641296387,0.10058590769767761,0.40050485730171204,0.06374146789312363
dia12_utt4,4,sadness,0,anger,False,0.7096490263938904,0.18269842863082886,0.02471347525715828,0.013150888495147228,0.06978821009397507
dia13_utt0,3,neutral,3,neutral,True,0.07537280768156052,0.20724904537200928,0.09343727678060532,0.55584716796875,0.06809365004301071
dia13_utt1,0,anger,0,anger,True,0.5181302428245544,0.09275965392589569,0.05506572127342224,0.1318340301513672,0.20221038162708282
dia13_utt2,2,joy,2,joy,True,0.19680646061897278,0.18304117023944855,0.5300352573394775,0.03326110914349556,0.05685599148273468
dia13_utt3,2,joy,2,joy,True,0.12404119968414307,0.12991474568843842,0.6728562712669373,0.027421748265624046,0.045766089111566544
dia13_utt4,2,joy,2,joy,True,0.0369814932346344,0.08289265632629395,0.8335152268409729,0.017865626141428947,0.02874501794576645
dia13_utt8,2,joy,2,joy,True,0.12565304338932037,0.1262989044189453,0.6820990443229675,0.028596945106983185,0.037352122366428375
dia13_utt9,2,joy,2,joy,True,0.06919671595096588,0.11277071386575699,0.7568501830101013,0.02258862741291523,0.038593780249357224
dia13_utt16,2,joy,2,joy,True,0.2738364338874817,0.14922799170017242,0.4903161823749542,0.040090691298246384,0.046528734266757965
dia13_utt17,3,neutral,0,anger,False,0.7957313060760498,0.13259102404117584,0.02575419470667839,0.007243053521960974,0.038680508732795715
dia13_utt18,2,joy,3,neutral,False,0.09359007328748703,0.251133531332016,0.16590304672718048,0.3759849965572357,0.11338835954666138
dia13_utt20,2,joy,3,neutral,False,0.06604611128568649,0.16328619420528412,0.062105197459459305,0.5473558902740479,0.1612066626548767
dia13_utt21,2,joy,2,joy,True,0.113701730966568,0.10289664566516876,0.36284616589546204,0.23720628023147583,0.18334917724132538
dia14_utt0,2,joy,2,joy,True,0.038170382380485535,0.1062248945236206,0.7562621235847473,0.06646978110074997,0.03287281095981598
dia14_utt1,3,neutral,3,neutral,True,0.04999780282378197,0.14102913439273834,0.08909809589385986,0.6411405205726624,0.07873443514108658
dia14_utt2,3,neutral,3,neutral,True,0.05988311767578125,0.17965304851531982,0.08281534910202026,0.6083521842956543,0.06929624825716019
dia14_utt3,3,neutral,3,neutral,True,0.09175971895456314,0.19654515385627747,0.1273491084575653,0.4834938645362854,0.10085216909646988
dia14_utt4,0,anger,3,neutral,False,0.23827040195465088,0.13724538683891296,0.11007802933454514,0.42705053091049194,0.08735569566488266
dia14_utt5,4,sadness,4,sadness,True,0.18912599980831146,0.11318070441484451,0.08790882676839828,0.30385011434555054,0.305934339761734
dia14_utt6,4,sadness,3,neutral,False,0.07355491816997528,0.25975820422172546,0.07467677444219589,0.4929344058036804,0.09907567501068115
dia14_utt7,4,sadness,0,anger,False,0.6417858004570007,0.10555493086576462,0.12287634611129761,0.03066859021782875,0.0991142988204956
dia14_utt8,0,anger,0,anger,True,0.8669440746307373,0.06200897693634033,0.034988291561603546,0.011549186892807484,0.02450939454138279
dia15_utt0,2,joy,2,joy,True,0.02949947863817215,0.08478839695453644,0.8282653093338013,0.01895352266728878,0.03849336504936218
dia15_utt1,2,joy,2,joy,True,0.30078279972076416,0.17699384689331055,0.3056686520576477,0.09769757091999054,0.11885707080364227
dia15_utt3,3,neutral,3,neutral,True,0.06604611128568649,0.16328619420528412,0.062105197459459305,0.5473558902740479,0.1612066626548767
dia15_utt5,3,neutral,3,neutral,True,0.06433000415563583,0.2955767512321472,0.10287438333034515,0.40262699127197266,0.13459178805351257
dia15_utt6,1,fear,3,neutral,False,0.06700100004673004,0.1846798211336136,0.19222424924373627,0.45452746748924255,0.10156746208667755
dia15_utt8,1,fear,0,anger,False,0.613538920879364,0.19841039180755615,0.1150275245308876,0.02261158637702465,0.05041154846549034
dia15_utt9,1,fear,2,joy,False,0.054291293025016785,0.0895877256989479,0.7962480187416077,0.023671830072999,0.03620113059878349
dia16_utt0,3,neutral,3,neutral,True,0.05723030865192413,0.12259969115257263,0.26257091760635376,0.4395088851451874,0.11809021979570389
dia16_utt1,4,sadness,3,neutral,False,0.09879286587238312,0.1608123928308487,0.1610579639673233,0.4100852906703949,0.16925153136253357
dia16_utt3,2,joy,3,neutral,False,0.08405523002147675,0.15659792721271515,0.30284231901168823,0.38432690501213074,0.07217763364315033
dia16_utt4,0,anger,0,anger,True,0.8768295645713806,0.03906506672501564,0.01634448766708374,0.018702484667301178,0.04905841872096062
dia16_utt5,3,neutral,3,neutral,True,0.07415404915809631,0.13645678758621216,0.1264486312866211,0.5010917782783508,0.1618487685918808
dia16_utt6,0,anger,3,neutral,False,0.15241260826587677,0.1681913137435913,0.18875662982463837,0.40802666544914246,0.0826127901673317
dia16_utt7,0,anger,0,anger,True,0.4547944962978363,0.15817362070083618,0.2563653290271759,0.059162914752960205,0.07150360941886902
dia16_utt8,3,neutral,3,neutral,True,0.08889942616224289,0.23370471596717834,0.06186513975262642,0.5251210331916809,0.09040968120098114
dia16_utt10,4,sadness,4,sadness,True,0.008847015909850597,0.029761483892798424,0.029393214732408524,0.018940655514597893,0.9130575656890869
dia16_utt11,0,anger,3,neutral,False,0.20970092713832855,0.14401966333389282,0.09898317605257034,0.4446961581707001,0.10260006785392761
dia16_utt12,0,anger,0,anger,True,0.2982617914676666,0.14795701205730438,0.21551282703876495,0.247569739818573,0.09069859981536865
dia16_utt13,3,neutral,3,neutral,True,0.07627705484628677,0.18941077589988708,0.25528484582901,0.4026011526584625,0.07642617076635361
dia16_utt14,4,sadness,4,sadness,True,0.023957783356308937,0.05345197021961212,0.04219118133187294,0.08080364018678665,0.799595296382904
dia16_utt15,3,neutral,3,neutral,True,0.08333120495080948,0.20750939846038818,0.0743156224489212,0.5493904948234558,0.08545326441526413
dia16_utt16,0,anger,3,neutral,False,0.08268151432275772,0.09199051558971405,0.13868960738182068,0.506485641002655,0.18015266954898834
dia16_utt17,0,anger,0,anger,True,0.6751548051834106,0.13117264211177826,0.08657290786504745,0.037959661334753036,0.0691399946808815
dia16_utt18,4,sadness,4,sadness,True,0.06507137417793274,0.07148437201976776,0.03374210372567177,0.24944408237934113,0.5802580714225769
dia17_utt0,0,anger,3,neutral,False,0.24464163184165955,0.17537187039852142,0.060925859957933426,0.3663550615310669,0.15270553529262543
dia17_utt1,0,anger,3,neutral,False,0.12839077413082123,0.23559972643852234,0.1225711926817894,0.4250565469264984,0.08838175237178802
dia17_utt2,0,anger,0,anger,True,0.616291344165802,0.06652951240539551,0.09054736793041229,0.0425788052380085,0.1840529888868332
dia17_utt3,0,anger,0,anger,True,0.8342810869216919,0.055018406361341476,0.021686024963855743,0.010461105965077877,0.07855330407619476
dia17_utt4,0,anger,0,anger,True,0.8564819693565369,0.05202775448560715,0.04347214847803116,0.010368484072387218,0.037649571895599365
dia18_utt0,3,neutral,2,joy,False,0.14742618799209595,0.14254193007946014,0.6425827145576477,0.02168940007686615,0.045759785920381546
dia18_utt1,3,neutral,3,neutral,True,0.0916292816400528,0.28272080421447754,0.06918229907751083,0.453997939825058,0.10246971249580383
dia18_utt2,3,neutral,2,joy,False,0.3012295663356781,0.20002628862857819,0.36477434635162354,0.06665778905153275,0.06731193512678146
dia18_utt3,3,neutral,0,anger,False,0.4580446779727936,0.20350435376167297,0.09152527898550034,0.0807313397526741,0.16619428992271423
dia18_utt4,1,fear,0,anger,False,0.8026386499404907,0.08332660794258118,0.0581003800034523,0.016937095671892166,0.03899722918868065
dia18_utt5,1,fear,2,joy,False,0.1258179098367691,0.13551120460033417,0.6626272797584534,0.02666420489549637,0.0493793785572052
dia18_utt6,1,fear,0,anger,False,0.6080993413925171,0.22778555750846863,0.0497698076069355,0.03718496859073639,0.0771602913737297
dia18_utt7,1,fear,4,sadness,False,0.16271358728408813,0.14238984882831573,0.05777701735496521,0.025588368996977806,0.6115312576293945
dia18_utt8,1,fear,0,anger,False,0.720072329044342,0.19098660349845886,0.032483067363500595,0.010211273096501827,0.046246711164712906
dia18_utt9,3,neutral,1,fear,False,0.02275087684392929,0.8425390720367432,0.017571931704878807,0.09142077714204788,0.02571725659072399
dia18_utt10,0,anger,0,anger,True,0.5847355127334595,0.07857704162597656,0.16699865460395813,0.03598397597670555,0.13370484113693237
dia18_utt11,3,neutral,3,neutral,True,0.16472110152244568,0.2329755276441574,0.11077766865491867,0.41390666365623474,0.07761900126934052
dia18_utt13,0,anger,0,anger,True,0.6469102501869202,0.16801664233207703,0.017648400738835335,0.01943984441459179,0.1479848474264145
dia19_utt0,3,neutral,3,neutral,True,0.10044342279434204,0.21399278938770294,0.2617417573928833,0.292065292596817,0.13175669312477112
dia19_utt1,0,anger,0,anger,True,0.7106764316558838,0.11031083762645721,0.0838279128074646,0.02774493210017681,0.06743989884853363
dia19_utt2,0,anger,4,sadness,False,0.17771664261817932,0.09139139205217361,0.0941084772348404,0.2654847800731659,0.3712986707687378
dia19_utt3,0,anger,4,sadness,False,0.31439363956451416,0.15378537774085999,0.14585012197494507,0.018945449963212013,0.36702537536621094
dia19_utt4,0,anger,0,anger,True,0.34305134415626526,0.060878265649080276,0.08957772701978683,0.19475026428699493,0.31174236536026
dia19_utt5,0,anger,2,joy,False,0.0990174263715744,0.07812869548797607,0.7341504096984863,0.03549589589238167,0.053207654505968094
dia19_utt6,0,anger,3,neutral,False,0.12160035967826843,0.23058798909187317,0.21292085945606232,0.2998636066913605,0.1350271999835968
dia19_utt7,0,anger,0,anger,True,0.3885791301727295,0.1059984564781189,0.2517445385456085,0.14180320501327515,0.11187470704317093
dia19_utt8,3,neutral,2,joy,False,0.17183451354503632,0.12994521856307983,0.41778191924095154,0.19329309463500977,0.08714528381824493
dia19_utt9,0,anger,3,neutral,False,0.19966796040534973,0.09821737557649612,0.11346225440502167,0.4294584393501282,0.15919403731822968
dia19_utt10,4,sadness,3,neutral,False,0.09661755710840225,0.17679812014102936,0.07073870301246643,0.5472421050071716,0.10860352218151093
dia19_utt11,3,neutral,2,joy,False,0.1301550567150116,0.13379575312137604,0.3469974100589752,0.28376471996307373,0.10528703778982162
dia19_utt12,3,neutral,3,neutral,True,0.11650243401527405,0.20032988488674164,0.07555551826953888,0.5366343259811401,0.0709778368473053
dia19_utt13,0,anger,3,neutral,False,0.05467677861452103,0.2897213101387024,0.03113868273794651,0.5557323098182678,0.0687308982014656
dia19_utt14,4,sadness,4,sadness,True,0.17584791779518127,0.05126218870282173,0.1025962233543396,0.2962927520275116,0.3740008771419525
dia19_utt15,3,neutral,3,neutral,True,0.16088367998600006,0.1108337789773941,0.2380392998456955,0.37678107619285583,0.11346212029457092
dia19_utt16,2,joy,2,joy,True,0.015402820892632008,0.07273311167955399,0.867660641670227,0.0141344228759408,0.030069034546613693
dia19_utt17,3,neutral,3,neutral,True,0.09618422389030457,0.23129798471927643,0.07582837343215942,0.5049546360969543,0.09173483401536942
dia19_utt18,4,sadness,4,sadness,True,0.09430535137653351,0.09067042917013168,0.06288228183984756,0.15930648148059845,0.5928354263305664
dia19_utt19,2,joy,2,joy,True,0.1917329579591751,0.11634872108697891,0.3271855413913727,0.27217504382133484,0.09255768358707428
dia19_utt20,4,sadness,3,neutral,False,0.19300249218940735,0.17151857912540436,0.2274402678012848,0.2899433374404907,0.11809531599283218
dia19_utt21,2,joy,2,joy,True,0.04711759090423584,0.07521101832389832,0.781138002872467,0.037823088467121124,0.05871041119098663
dia19_utt22,4,sadness,4,sadness,True,0.05315837636590004,0.06325054913759232,0.0526932068169117,0.20901715755462646,0.6218807101249695
dia20_utt0,3,neutral,3,neutral,True,0.07287333160638809,0.1811133623123169,0.08509362488985062,0.577124834060669,0.08379481732845306
dia20_utt1,3,neutral,3,neutral,True,0.055854104459285736,0.14581485092639923,0.1435016393661499,0.5531956553459167,0.10163377225399017
dia20_utt2,2,joy,2,joy,True,0.033723458647727966,0.09368351101875305,0.8194418549537659,0.014862745068967342,0.03828839585185051
dia20_utt3,3,neutral,3,neutral,True,0.13275958597660065,0.14618214964866638,0.1643068641424179,0.4556916058063507,0.10105983167886734
dia21_utt0,3,neutral,3,neutral,True,0.11907091736793518,0.11869361251592636,0.11184312403202057,0.553138256072998,0.09725406020879745
dia21_utt1,3,neutral,3,neutral,True,0.11991564929485321,0.15873156487941742,0.14551366865634918,0.40398919582366943,0.17184989154338837
dia21_utt2,3,neutral,3,neutral,True,0.10602688044309616,0.26837992668151855,0.059214893728494644,0.40763506293296814,0.15874318778514862
dia21_utt3,3,neutral,3,neutral,True,0.09552951902151108,0.17912741005420685,0.06672291457653046,0.5685712695121765,0.09004893153905869
dia21_utt4,3,neutral,2,joy,False,0.05187153443694115,0.19860133528709412,0.5793206095695496,0.1222800612449646,0.04792649671435356
dia21_utt5,3,neutral,3,neutral,True,0.047986116260290146,0.20277030766010284,0.12954720854759216,0.5406578779220581,0.07903850823640823
dia22_utt0,3,neutral,3,neutral,True,0.08095578104257584,0.26550859212875366,0.06909316778182983,0.518319845199585,0.06612259149551392
dia22_utt1,3,neutral,3,neutral,True,0.07888779044151306,0.35320544242858887,0.0619802251458168,0.43828535079956055,0.0676412358880043
dia22_utt2,3,neutral,3,neutral,True,0.06734599173069,0.18540427088737488,0.07246369123458862,0.6174905300140381,0.05729551240801811
dia22_utt4,3,neutral,3,neutral,True,0.13741673529148102,0.19686441123485565,0.08817227929830551,0.3803936541080475,0.1971529871225357
dia22_utt5,3,neutral,4,sadness,False,0.20113489031791687,0.08260607719421387,0.06339816004037857,0.2908687889575958,0.3619920611381531
dia22_utt6,0,anger,3,neutral,False,0.10539977252483368,0.18636493384838104,0.07918205857276917,0.5366381406784058,0.09241513162851334
dia22_utt7,3,neutral,3,neutral,True,0.1312466561794281,0.3624720871448517,0.07877378165721893,0.37270212173461914,0.05480532348155975
dia22_utt8,3,neutral,3,neutral,True,0.08766161650419235,0.12609171867370605,0.0902237519621849,0.5334644317626953,0.16255849599838257
dia22_utt9,3,neutral,3,neutral,True,0.07888779044151306,0.35320544242858887,0.0619802251458168,0.43828535079956055,0.0676412358880043
dia22_utt10,3,neutral,3,neutral,True,0.10997804999351501,0.13288575410842896,0.17031654715538025,0.4659733474254608,0.12084624916315079
dia23_utt0,3,neutral,3,neutral,True,0.058906879276037216,0.14150013029575348,0.11652278155088425,0.6004835367202759,0.08258668333292007
dia23_utt1,4,sadness,1,fear,False,0.21551544964313507,0.37346985936164856,0.0572175532579422,0.09535463899374008,0.2584424912929535
dia23_utt2,4,sadness,4,sadness,True,0.015543650835752487,0.02173886075615883,0.011573643423616886,0.05127769336104393,0.8998661637306213
dia23_utt4,4,sadness,0,anger,False,0.32729700207710266,0.10563700646162033,0.07538484781980515,0.2803623378276825,0.21131883561611176
dia23_utt7,4,sadness,2,joy,False,0.32701313495635986,0.2062446027994156,0.34187114238739014,0.023492928594350815,0.1013781726360321
dia23_utt8,3,neutral,0,anger,False,0.5440871119499207,0.10498795658349991,0.08319437503814697,0.09667222201824188,0.17105837166309357
dia23_utt10,4,sadness,4,sadness,True,0.007681015878915787,0.027938663959503174,0.01630045846104622,0.03566436842083931,0.9124155640602112
dia23_utt11,4,sadness,3,neutral,False,0.10641682147979736,0.1584106683731079,0.10301689058542252,0.49242693185806274,0.13972868025302887
dia23_utt12,4,sadness,4,sadness,True,0.19269752502441406,0.17956998944282532,0.17469173669815063,0.09413133561611176,0.35890936851501465
dia23_utt13,4,sadness,1,fear,False,0.060153137892484665,0.46740055084228516,0.07918572425842285,0.04489889740943909,0.34836170077323914
dia24_utt0,3,neutral,3,neutral,True,0.09699349850416183,0.17286740243434906,0.09569980204105377,0.5294874906539917,0.10495181381702423
dia24_utt1,3,neutral,3,neutral,True,0.16354335844516754,0.16892024874687195,0.14098317921161652,0.4308793246746063,0.09567388147115707
dia24_utt2,4,sadness,4,sadness,True,0.021353065967559814,0.03912118449807167,0.03174323961138725,0.059820402413606644,0.8479621410369873
dia24_utt3,3,neutral,3,neutral,True,0.0742969885468483,0.1714850813150406,0.11217473447322845,0.5396823287010193,0.10236091911792755
dia24_utt4,2,joy,2,joy,True,0.07422416657209396,0.12683111429214478,0.7151345014572144,0.03512098267674446,0.048689283430576324
dia24_utt5,3,neutral,3,neutral,True,0.08247338980436325,0.18468064069747925,0.08611542731523514,0.5579899549484253,0.08874063193798065
dia24_utt6,3,neutral,3,neutral,True,0.08648670464754105,0.1730312705039978,0.141750767827034,0.5261860489845276,0.07254518568515778
dia24_utt7,0,anger,2,joy,False,0.3290015161037445,0.1132013127207756,0.4763627052307129,0.03347858786582947,0.04795586317777634
dia25_utt0,0,anger,0,anger,True,0.31331667304039,0.09078054130077362,0.2170546054840088,0.19511353969573975,0.18373462557792664
dia25_utt2,0,anger,3,neutral,False,0.1474456638097763,0.11480977386236191,0.08109492063522339,0.43583378195762634,0.22081589698791504
dia25_utt3,0,anger,3,neutral,False,0.16921572387218475,0.14827878773212433,0.0692935660481453,0.43987762928009033,0.17333431541919708
dia25_utt4,4,sadness,4,sadness,True,0.05106299743056297,0.10012305527925491,0.07978609204292297,0.3710951805114746,0.39793264865875244
dia25_utt5,0,anger,3,neutral,False,0.19106562435626984,0.15653444826602936,0.10014516860246658,0.47035881876945496,0.08189590275287628
dia26_utt0,3,neutral,3,neutral,True,0.06220109388232231,0.15669839084148407,0.07617317885160446,0.5852691531181335,0.11965815722942352
dia26_utt3,3,neutral,3,neutral,True,0.10047253966331482,0.16232830286026,0.04773877188563347,0.5506263375282288,0.13883404433727264
dia26_utt4,3,neutral,4,sadness,False,0.1756776124238968,0.11172201484441757,0.07629948854446411,0.23866170644760132,0.3976392149925232
dia26_utt5,3,neutral,2,joy,False,0.1065041646361351,0.2609111964702606,0.36012303829193115,0.20761066675186157,0.06485086679458618
dia26_utt7,4,sadness,3,neutral,False,0.1820216327905655,0.18401555716991425,0.10606218129396439,0.28929397463798523,0.23860666155815125
dia26_utt8,0,anger,2,joy,False,0.11162091046571732,0.1493430733680725,0.5936993360519409,0.07566490769386292,0.06967175006866455
dia26_utt9,4,sadness,2,joy,False,0.05244193971157074,0.13269475102424622,0.3487090468406677,0.28937238454818726,0.17678186297416687
dia26_utt10,4,sadness,4,sadness,True,0.02960043214261532,0.0926002562046051,0.046228185296058655,0.168313130736351,0.6632579565048218
dia26_utt11,4,sadness,0,anger,False,0.6376932263374329,0.18261298537254333,0.09844018518924713,0.016600284725427628,0.06465329229831696
dia26_utt12,0,anger,4,sadness,False,0.155783548951149,0.20049449801445007,0.10020151734352112,0.18740685284137726,0.35611358284950256
dia26_utt13,0,anger,0,anger,True,0.5535725951194763,0.14686129987239838,0.14190912246704102,0.0403757318854332,0.11728115379810333
dia26_utt14,0,anger,3,neutral,False,0.1461912840604782,0.24404850602149963,0.13346661627292633,0.3759649395942688,0.10032861679792404
dia26_utt15,0,anger,0,anger,True,0.5995699167251587,0.22790466248989105,0.0630093365907669,0.05439706891775131,0.05511896312236786
dia26_utt16,4,sadness,3,neutral,False,0.07977810502052307,0.22297979891300201,0.08344360440969467,0.5278950929641724,0.08590342849493027
dia27_utt1,3,neutral,3,neutral,True,0.09103059023618698,0.25480344891548157,0.07920467108488083,0.2905687093734741,0.2843925952911377
dia27_utt3,4,sadness,3,neutral,False,0.07315662503242493,0.2375982403755188,0.07821779698133469,0.4962865114212036,0.11474082618951797
dia27_utt4,3,neutral,3,neutral,True,0.11410903930664062,0.16540057957172394,0.1375409960746765,0.45396217703819275,0.1289871782064438
dia27_utt6,0,anger,3,neutral,False,0.07566844671964645,0.2913443446159363,0.11112310737371445,0.35574454069137573,0.1661195605993271
dia27_utt7,3,neutral,3,neutral,True,0.09659618139266968,0.151028573513031,0.1290515661239624,0.4609471261501312,0.1623765230178833
dia28_utt0,3,neutral,3,neutral,True,0.09073420614004135,0.15283481776714325,0.11607914417982101,0.5280361771583557,0.11231564730405807
dia28_utt1,4,sadness,2,joy,False,0.3246188163757324,0.06771235913038254,0.36019858717918396,0.08584759384393692,0.16162259876728058
dia28_utt2,2,joy,2,joy,True,0.04325522109866142,0.08819235861301422,0.8074456453323364,0.020472265779972076,0.04063452035188675
dia28_utt3,3,neutral,3,neutral,True,0.1496790498495102,0.272826224565506,0.19514678418636322,0.2904929220676422,0.09185506403446198
dia28_utt4,3,neutral,3,neutral,True,0.14570355415344238,0.11861531436443329,0.10114791244268417,0.4237743318080902,0.21075887978076935
dia28_utt5,4,sadness,3,neutral,False,0.07992162555456161,0.21066829562187195,0.08062715828418732,0.5387489199638367,0.09003397822380066
dia28_utt6,4,sadness,0,anger,False,0.42239901423454285,0.12800928950309753,0.2213962972164154,0.057249292731285095,0.17094610631465912
dia28_utt7,2,joy,0,anger,False,0.463262140750885,0.13035045564174652,0.17890895903110504,0.05852450057864189,0.16895392537117004
dia28_utt9,3,neutral,3,neutral,True,0.10006523877382278,0.1736799031496048,0.10238821059465408,0.49097761511802673,0.13288895785808563
dia28_utt10,3,neutral,3,neutral,True,0.07146040350198746,0.1283440738916397,0.16143213212490082,0.5437232255935669,0.09504016488790512
dia29_utt0,0,anger,2,joy,False,0.24046508967876434,0.19626189768314362,0.4902803301811218,0.02246524579823017,0.050527431070804596
dia29_utt1,3,neutral,3,neutral,True,0.09420289099216461,0.15615074336528778,0.0851883590221405,0.5708968639373779,0.09356112033128738
dia29_utt2,4,sadness,3,neutral,False,0.08167392015457153,0.11230475455522537,0.07023563981056213,0.4704601764678955,0.26532548666000366
dia29_utt3,4,sadness,4,sadness,True,0.02850811555981636,0.052511315792798996,0.11465676128864288,0.13814638555049896,0.6661773920059204
dia29_utt4,3,neutral,3,neutral,True,0.09131179749965668,0.1454712301492691,0.0971890464425087,0.6000977754592896,0.06593018770217896
dia29_utt5,3,neutral,3,neutral,True,0.07745372503995895,0.17621451616287231,0.05935683846473694,0.5723099112510681,0.11466497927904129
dia29_utt6,3,neutral,3,neutral,True,0.07829947769641876,0.15035614371299744,0.09174273163080215,0.6143713593482971,0.06523028016090393
dia29_utt7,3,neutral,3,neutral,True,0.06229953095316887,0.08719400316476822,0.0839150920510292,0.4668995141983032,0.2996917963027954
dia29_utt8,0,anger,3,neutral,False,0.16617579758167267,0.119374580681324,0.17963777482509613,0.311681866645813,0.2231299877166748
dia29_utt9,0,anger,3,neutral,False,0.31081244349479675,0.16055993735790253,0.10757136344909668,0.3411940634250641,0.07986222952604294
dia29_utt10,2,joy,3,neutral,False,0.08434630930423737,0.1599586308002472,0.22385650873184204,0.44649800658226013,0.08534055203199387
dia30_utt0,1,fear,1,fear,True,0.30149438977241516,0.5704621076583862,0.047285906970500946,0.010196379385888577,0.0705612376332283
dia30_utt1,1,fear,0,anger,False,0.4598091244697571,0.3560076355934143,0.10449639707803726,0.02766767144203186,0.05201916769146919
dia30_utt2,1,fear,0,anger,False,0.7180400490760803,0.17425325512886047,0.06199554353952408,0.011515718884766102,0.0341954231262207
dia30_utt3,4,sadness,0,anger,False,0.5260434150695801,0.22230617702007294,0.13594281673431396,0.03392569720745087,0.08178187161684036
dia30_utt4,0,anger,0,anger,True,0.6916541457176208,0.14654436707496643,0.06822437793016434,0.019184930250048637,0.07439210265874863
dia30_utt6,3,neutral,3,neutral,True,0.07888779044151306,0.35320544242858887,0.0619802251458168,0.43828535079956055,0.0676412358880043
dia30_utt7,3,neutral,3,neutral,True,0.04645979404449463,0.1612132340669632,0.05468957871198654,0.670170783996582,0.06746669858694077
dia30_utt8,2,joy,2,joy,True,0.036291129887104034,0.09561438858509064,0.7986173629760742,0.03625570982694626,0.03322140872478485
dia30_utt9,2,joy,2,joy,True,0.29659464955329895,0.19726133346557617,0.30675753951072693,0.10799796879291534,0.09138854593038559
dia30_utt10,2,joy,3,neutral,False,0.09678472578525543,0.1453443318605423,0.17671532928943634,0.3042948544025421,0.276860773563385
dia30_utt11,3,neutral,3,neutral,True,0.08342429250478745,0.17387115955352783,0.19184796512126923,0.4301251471042633,0.1207314282655716
dia30_utt12,3,neutral,3,neutral,True,0.11827197670936584,0.2184401899576187,0.1027313843369484,0.4810941517353058,0.07946223020553589
dia30_utt13,0,anger,0,anger,True,0.9111928343772888,0.03682800009846687,0.017922261729836464,0.009198601357638836,0.02485831081867218
dia30_utt14,0,anger,0,anger,True,0.6775041222572327,0.14702220261096954,0.10828834027051926,0.0201023668050766,0.04708298668265343
dia30_utt15,0,anger,0,anger,True,0.7241529226303101,0.14798516035079956,0.07799103111028671,0.02420514076948166,0.025665786117315292
dia30_utt16,0,anger,2,joy,False,0.24655811488628387,0.1807384341955185,0.5166386961936951,0.02281063050031662,0.03325415775179863
dia30_utt17,0,anger,2,joy,False,0.2634275555610657,0.14205648005008698,0.5008749961853027,0.03736197203397751,0.05627899616956711
dia30_utt18,3,neutral,3,neutral,True,0.07993622869253159,0.13642500340938568,0.09044702351093292,0.6140322685241699,0.07915939390659332
dia31_utt0,4,sadness,4,sadness,True,0.015615489333868027,0.02256561815738678,0.024916954338550568,0.015046629123389721,0.9218553304672241
dia31_utt2,4,sadness,2,joy,False,0.06525515019893646,0.13162608444690704,0.34712734818458557,0.28805986046791077,0.16793155670166016
dia31_utt3,3,neutral,3,neutral,True,0.07785449922084808,0.15320120751857758,0.2199534773826599,0.4029791057109833,0.14601172506809235
dia31_utt4,3,neutral,3,neutral,True,0.09723803400993347,0.2433844953775406,0.19937342405319214,0.40878817439079285,0.05121583119034767
dia31_utt5,4,sadness,4,sadness,True,0.04044671356678009,0.02976534515619278,0.05942714214324951,0.044770434498786926,0.8255903720855713
dia31_utt6,2,joy,0,anger,False,0.650563657283783,0.14079734683036804,0.09992866963148117,0.02542293444275856,0.08328739553689957
dia31_utt7,2,joy,2,joy,True,0.17542003095149994,0.12273230403661728,0.6298637986183167,0.024977227672934532,0.04700663313269615
dia31_utt8,2,joy,2,joy,True,0.05896659195423126,0.18063488602638245,0.5438376069068909,0.13461387157440186,0.08194699138402939
dia31_utt9,2,joy,2,joy,True,0.035001158714294434,0.12402931600809097,0.800521969795227,0.01394971739500761,0.026497775688767433
dia31_utt10,2,joy,0,anger,False,0.608291506767273,0.16300153732299805,0.14700816571712494,0.025777999311685562,0.05592074617743492
dia31_utt11,0,anger,0,anger,True,0.8170889616012573,0.07196519523859024,0.04291471466422081,0.008729302324354649,0.05930183082818985
dia31_utt12,2,joy,0,anger,False,0.4284054934978485,0.1939479261636734,0.2820548117160797,0.021454395726323128,0.0741373747587204
dia32_utt0,3,neutral,3,neutral,True,0.0691675990819931,0.20210720598697662,0.10629519820213318,0.5626872777938843,0.059742774814367294
dia32_utt1,3,neutral,3,neutral,True,0.08977039903402328,0.17232030630111694,0.05803091824054718,0.594740092754364,0.08513828366994858
dia32_utt3,3,neutral,3,neutral,True,0.06604611128568649,0.16328619420528412,0.062105197459459305,0.5473558902740479,0.1612066626548767
dia32_utt4,3,neutral,3,neutral,True,0.06808599829673767,0.30514028668403625,0.04718482494354248,0.44964882731437683,0.12994001805782318
dia32_utt5,3,neutral,3,neutral,True,0.08307600021362305,0.18882125616073608,0.12612032890319824,0.46859386563301086,0.13338860869407654
dia32_utt6,3,neutral,3,neutral,True,0.09576302021741867,0.15536284446716309,0.1488739252090454,0.5184488892555237,0.08155128359794617
dia32_utt7,3,neutral,3,neutral,True,0.07908282428979874,0.14619430899620056,0.1849987804889679,0.518208920955658,0.07151518017053604
dia32_utt8,3,neutral,3,neutral,True,0.06223439425230026,0.19197645783424377,0.07709352672100067,0.5804583430290222,0.0882372334599495
dia32_utt9,0,anger,0,anger,True,0.4377712309360504,0.16398301720619202,0.3250064253807068,0.02196628972887993,0.05127304419875145
dia32_utt10,3,neutral,3,neutral,True,0.07182462513446808,0.20697066187858582,0.1275070309638977,0.5219781994819641,0.07171948999166489
dia32_utt11,3,neutral,3,neutral,True,0.07094632089138031,0.20619413256645203,0.29535946249961853,0.38691791892051697,0.04058220982551575
dia32_utt12,3,neutral,3,neutral,True,0.05787787586450577,0.16479824483394623,0.08551707863807678,0.6210317015647888,0.0707750916481018
dia32_utt13,3,neutral,3,neutral,True,0.08977039903402328,0.17232030630111694,0.05803091824054718,0.594740092754364,0.08513828366994858
dia33_utt0,4,sadness,4,sadness,True,0.2636367678642273,0.15686360001564026,0.04617251828312874,0.21438750624656677,0.3189396560192108
dia33_utt1,3,neutral,3,neutral,True,0.07010705024003983,0.19428196549415588,0.04642852395772934,0.4265320301055908,0.2626504898071289
dia34_utt0,3,neutral,3,neutral,True,0.08411514759063721,0.14434783160686493,0.09473497420549393,0.6248788833618164,0.051923155784606934
dia34_utt1,3,neutral,3,neutral,True,0.11741577833890915,0.2137836366891861,0.20048822462558746,0.41207873821258545,0.05623364448547363
dia34_utt2,3,neutral,3,neutral,True,0.21472898125648499,0.21238282322883606,0.07662007957696915,0.4234061539173126,0.0728619322180748
dia34_utt3,3,neutral,3,neutral,True,0.0808994323015213,0.17908930778503418,0.108729287981987,0.5011659860610962,0.1301160305738449
dia34_utt4,3,neutral,3,neutral,True,0.09712789952754974,0.22314366698265076,0.12314141541719437,0.49193328619003296,0.06465376168489456
dia34_utt5,3,neutral,3,neutral,True,0.11154234409332275,0.23613515496253967,0.1462264209985733,0.4518408477306366,0.054255325347185135
dia34_utt6,1,fear,4,sadness,False,0.02238219790160656,0.050457537174224854,0.016535861417651176,0.04576858505606651,0.8648557662963867
dia34_utt8,4,sadness,4,sadness,True,0.08593957126140594,0.05092683434486389,0.04984437674283981,0.04267580807209015,0.770613431930542
dia34_utt9,3,neutral,3,neutral,True,0.16382399201393127,0.12495062500238419,0.0884951651096344,0.48121172189712524,0.1415185034275055
dia34_utt10,2,joy,2,joy,True,0.05008795112371445,0.16339221596717834,0.5369209051132202,0.18272274732589722,0.06687618792057037
dia35_utt0,3,neutral,3,neutral,True,0.052685730159282684,0.19173085689544678,0.0937163233757019,0.5866925120353699,0.07517459243535995
dia36_utt0,1,fear,3,neutral,False,0.0644814521074295,0.3717905282974243,0.07151399552822113,0.4221175014972687,0.07009655237197876
dia36_utt1,3,neutral,3,neutral,True,0.08824760466814041,0.16256995499134064,0.10332313925027847,0.5493631958961487,0.09649603813886642
dia36_utt2,3,neutral,3,neutral,True,0.08977039903402328,0.17232030630111694,0.05803091824054718,0.594740092754364,0.08513828366994858
dia36_utt3,3,neutral,2,joy,False,0.04131533205509186,0.19688798487186432,0.38685503602027893,0.2644570469856262,0.11048460006713867
dia36_utt4,3,neutral,3,neutral,True,0.06822844594717026,0.3060774505138397,0.09141997992992401,0.4843571186065674,0.04991699755191803
dia36_utt5,4,sadness,1,fear,False,0.2271990031003952,0.4059169292449951,0.07245777547359467,0.11148747056722641,0.18293875455856323
dia36_utt7,3,neutral,3,neutral,True,0.08977039903402328,0.17232030630111694,0.05803091824054718,0.594740092754364,0.08513828366994858
dia36_utt8,3,neutral,3,neutral,True,0.11594585329294205,0.24829010665416718,0.06888037919998169,0.4918587803840637,0.07502494007349014
dia36_utt10,1,fear,1,fear,True,0.26373547315597534,0.49658718705177307,0.053216081112623215,0.027393290773034096,0.15906794369220734
dia37_utt0,3,neutral,3,neutral,True,0.08456505089998245,0.2761971354484558,0.12438547611236572,0.4089909493923187,0.10586138814687729
dia37_utt1,1,fear,0,anger,False,0.6411012411117554,0.14519533514976501,0.14353880286216736,0.02385924570262432,0.04630536213517189
dia37_utt2,1,fear,4,sadness,False,0.023010216653347015,0.25598475337028503,0.013034227304160595,0.02091015689074993,0.6870606541633606
dia37_utt5,1,fear,2,joy,False,0.14663366973400116,0.20532773435115814,0.5605968236923218,0.021171052008867264,0.06627070903778076
dia37_utt6,1,fear,3,neutral,False,0.09704604744911194,0.17372280359268188,0.06502650678157806,0.5511472225189209,0.11305738240480423
dia37_utt10,3,neutral,3,neutral,True,0.16408468782901764,0.09315087646245956,0.08413427323102951,0.45327362418174744,0.20535658299922943
dia38_utt0,0,anger,0,anger,True,0.5725923776626587,0.13770660758018494,0.22554811835289001,0.01749460957944393,0.04665825143456459
dia39_utt0,3,neutral,3,neutral,True,0.1345360279083252,0.3066805303096771,0.05737088620662689,0.330792099237442,0.17062050104141235
dia39_utt1,2,joy,3,neutral,False,0.1274707317352295,0.16541308164596558,0.1504862904548645,0.4833357334136963,0.07329417020082474
dia39_utt2,2,joy,0,anger,False,0.6054244637489319,0.12965983152389526,0.13458645343780518,0.05924675613641739,0.07108242064714432
dia40_utt1,3,neutral,3,neutral,True,0.16407881677150726,0.1625487506389618,0.2385948896408081,0.32043805718421936,0.1143394261598587
dia40_utt3,3,neutral,1,fear,False,0.14763356745243073,0.3297055661678314,0.06840500980615616,0.2635067403316498,0.19074907898902893
dia40_utt6,0,anger,3,neutral,False,0.1090320348739624,0.22138290107250214,0.06653613597154617,0.49332258105278015,0.10972634702920914
dia40_utt7,3,neutral,3,neutral,True,0.1820976585149765,0.24886763095855713,0.11601708084344864,0.33677372336387634,0.11624389886856079
dia40_utt8,1,fear,1,fear,True,0.02110428921878338,0.8646864891052246,0.02053503878414631,0.03714785352349281,0.05652628839015961
dia40_utt9,4,sadness,4,sadness,True,0.08003789931535721,0.0908721312880516,0.1337767243385315,0.33467647433280945,0.36063680052757263
dia40_utt10,2,joy,2,joy,True,0.2737234830856323,0.14301487803459167,0.5116326212882996,0.034783050417900085,0.036846011877059937
dia41_utt0,3,neutral,3,neutral,True,0.10473287105560303,0.13292916119098663,0.21447858214378357,0.45139849185943604,0.09646088629961014
dia41_utt1,3,neutral,3,neutral,True,0.07670685648918152,0.14542195200920105,0.05825585499405861,0.578676164150238,0.14093919098377228
dia41_utt2,3,neutral,0,anger,False,0.31538110971450806,0.2178456336259842,0.1195007711648941,0.1386910229921341,0.20858146250247955
dia42_utt0,0,anger,0,anger,True,0.4359242618083954,0.14171405136585236,0.33195769786834717,0.025324322283267975,0.0650797188282013
dia42_utt1,0,anger,0,anger,True,0.706510066986084,0.10523149371147156,0.1039547398686409,0.031163379549980164,0.053140271455049515
dia42_utt2,3,neutral,1,fear,False,0.27560922503471375,0.42189866304397583,0.09618271142244339,0.060130853205919266,0.14617851376533508
dia42_utt3,3,neutral,3,neutral,True,0.07359553873538971,0.15906871855258942,0.06829778850078583,0.6081373691558838,0.09090054780244827
dia42_utt4,0,anger,1,fear,False,0.12855085730552673,0.7741260528564453,0.03409586846828461,0.009481959976255894,0.053745195269584656
dia43_utt0,3,neutral,3,neutral,True,0.08394420892000198,0.17401759326457977,0.11693330854177475,0.5614613890647888,0.06364347785711288
dia43_utt1,3,neutral,3,neutral,True,0.08977039903402328,0.17232030630111694,0.05803091824054718,0.594740092754364,0.08513828366994858
dia44_utt0,4,sadness,3,neutral,False,0.23127330839633942,0.11066854745149612,0.0922190472483635,0.39533481001853943,0.17050424218177795
dia44_utt1,0,anger,0,anger,True,0.5873898267745972,0.10446812957525253,0.09528201073408127,0.09105201065540314,0.12180805951356888
dia44_utt2,3,neutral,0,anger,False,0.2940245270729065,0.08993551880121231,0.15000814199447632,0.17443785071372986,0.291593998670578
dia44_utt3,3,neutral,3,neutral,True,0.06585655361413956,0.14352822303771973,0.04997885972261429,0.6383989453315735,0.10223748534917831
dia44_utt4,3,neutral,3,neutral,True,0.0582941472530365,0.21946336328983307,0.08267083019018173,0.5514614582061768,0.08811013400554657
dia44_utt5,2,joy,2,joy,True,0.03561755642294884,0.12122661620378494,0.6886634230613708,0.10175023972988129,0.05274224653840065
dia44_utt6,3,neutral,1,fear,False,0.0744776576757431,0.38493612408638,0.0658869668841362,0.3477608263492584,0.12693846225738525
dia44_utt7,2,joy,3,neutral,False,0.12649480998516083,0.22200530767440796,0.23835144937038422,0.33051449060440063,0.08263390511274338
dia44_utt8,3,neutral,3,neutral,True,0.07484039664268494,0.1509973406791687,0.07312457263469696,0.6263250708580017,0.0747126042842865
dia44_utt9,3,neutral,3,neutral,True,0.07946083694696426,0.13344192504882812,0.17330437898635864,0.5304372906684875,0.0833556056022644
dia44_utt10,2,joy,2,joy,True,0.12552683055400848,0.13118617236614227,0.6205102205276489,0.07869665324687958,0.04408020153641701
dia44_utt11,3,neutral,3,neutral,True,0.055509403347969055,0.1881529986858368,0.06588686257600784,0.46070748567581177,0.22974328696727753
dia45_utt0,3,neutral,3,neutral,True,0.0803934633731842,0.37218964099884033,0.1044568121433258,0.4016477167606354,0.04131234809756279
dia45_utt1,3,neutral,3,neutral,True,0.07888779044151306,0.35320544242858887,0.0619802251458168,0.43828535079956055,0.0676412358880043
dia45_utt2,3,neutral,3,neutral,True,0.08977039903402328,0.17232030630111694,0.05803091824054718,0.594740092754364,0.08513828366994858
dia45_utt4,3,neutral,3,neutral,True,0.11425697058439255,0.15245532989501953,0.1431005597114563,0.4765976667404175,0.11358945816755295
dia45_utt5,3,neutral,3,neutral,True,0.056724078953266144,0.15380197763442993,0.2826348841190338,0.41304245591163635,0.09379658848047256
dia45_utt6,3,neutral,3,neutral,True,0.14341865479946136,0.16458091139793396,0.08157297223806381,0.5095506310462952,0.1008768305182457
dia45_utt7,3,neutral,3,neutral,True,0.1407385766506195,0.17727071046829224,0.13723523914813995,0.46967607736587524,0.07507947087287903
dia45_utt8,3,neutral,1,fear,False,0.08806002140045166,0.3943686783313751,0.1150202751159668,0.34667229652404785,0.05587877333164215
dia45_utt9,1,fear,1,fear,True,0.0205533429980278,0.930315375328064,0.020928045734763145,0.006757945287972689,0.021445270627737045
dia45_utt10,3,neutral,3,neutral,True,0.046226173639297485,0.38894152641296387,0.10058590769767761,0.40050485730171204,0.06374146789312363
dia45_utt11,1,fear,0,anger,False,0.38902267813682556,0.17817281186580658,0.27599310874938965,0.06173291429877281,0.09507843106985092
dia46_utt0,3,neutral,3,neutral,True,0.05313851311802864,0.3342098891735077,0.13960883021354675,0.34905385971069336,0.12398889660835266
dia46_utt1,3,neutral,3,neutral,True,0.08559902757406235,0.2937074601650238,0.11462502181529999,0.43768957257270813,0.06837891787290573
dia46_utt2,3,neutral,3,neutral,True,0.09361080080270767,0.1532118320465088,0.0739077478647232,0.604782223701477,0.07448741048574448
dia46_utt3,3,neutral,3,neutral,True,0.11228610575199127,0.16501887142658234,0.12151401489973068,0.48336249589920044,0.11781855672597885
dia46_utt6,3,neutral,3,neutral,True,0.10173584520816803,0.13125480711460114,0.11659801751375198,0.4992964565753937,0.15111485123634338
dia46_utt7,3,neutral,1,fear,False,0.19860155880451202,0.31206294894218445,0.1251189112663269,0.2831670343875885,0.08104953169822693
dia46_utt8,1,fear,1,fear,True,0.061499398201704025,0.4985983371734619,0.14574389159679413,0.12365726381540298,0.17050111293792725
dia46_utt9,3,neutral,3,neutral,True,0.10297109186649323,0.12750983238220215,0.08308371156454086,0.5559774041175842,0.13045796751976013
dia47_utt0,3,neutral,3,neutral,True,0.09754201769828796,0.1577090620994568,0.09455250948667526,0.589475691318512,0.06072067469358444
dia47_utt1,3,neutral,3,neutral,True,0.06613332033157349,0.1198982372879982,0.07313146442174911,0.48533371090888977,0.25550326704978943
dia47_utt2,3,neutral,3,neutral,True,0.13775138556957245,0.13149145245552063,0.20643624663352966,0.41457638144493103,0.10974457859992981
dia47_utt3,3,neutral,3,neutral,True,0.06317354738712311,0.17447035014629364,0.055859457701444626,0.5478721261024475,0.158624529838562
dia47_utt4,3,neutral,3,neutral,True,0.06364758312702179,0.152310311794281,0.06534811109304428,0.60357666015625,0.11511730402708054
dia47_utt6,2,joy,3,neutral,False,0.09581829607486725,0.13690197467803955,0.263467013835907,0.3630297780036926,0.1407829374074936
dia47_utt8,3,neutral,3,neutral,True,0.154708594083786,0.07746071368455887,0.10043758898973465,0.44903242588043213,0.21836060285568237
dia47_utt10,3,neutral,2,joy,False,0.24422100186347961,0.18235573172569275,0.40186670422554016,0.06979987025260925,0.101756751537323
dia48_utt0,3,neutral,3,neutral,True,0.1705733835697174,0.1754302829504013,0.05889822915196419,0.41649138927459717,0.17860668897628784
dia48_utt1,2,joy,2,joy,True,0.04901224747300148,0.08462356775999069,0.8034743666648865,0.017272256314754486,0.045617565512657166
dia48_utt2,2,joy,2,joy,True,0.10004668682813644,0.14343275129795074,0.6852825284004211,0.019669122993946075,0.05156881734728813
dia48_utt3,1,fear,2,joy,False,0.20993608236312866,0.1790807992219925,0.2989262044429779,0.12232018262147903,0.18973670899868011
dia48_utt4,3,neutral,3,neutral,True,0.12771478295326233,0.23418766260147095,0.17927320301532745,0.39603927731513977,0.06278502941131592
dia48_utt5,3,neutral,3,neutral,True,0.08977039903402328,0.17232030630111694,0.05803091824054718,0.594740092754364,0.08513828366994858
dia48_utt7,4,sadness,2,joy,False,0.15780015289783478,0.11856254190206528,0.5163341164588928,0.07101330906152725,0.13628984987735748
dia49_utt0,0,anger,4,sadness,False,0.06505672633647919,0.03950709104537964,0.04324200004339218,0.1200966164469719,0.7320975661277771
dia49_utt2,0,anger,0,anger,True,0.4109516441822052,0.19315068423748016,0.08155585080385208,0.1747102588415146,0.13963162899017334
dia49_utt3,0,anger,3,neutral,False,0.16513857245445251,0.13759998977184296,0.1938103586435318,0.25839197635650635,0.2450590580701828
dia49_utt6,0,anger,2,joy,False,0.2710792124271393,0.10155489295721054,0.5131635665893555,0.05526164546608925,0.058940716087818146
dia49_utt7,0,anger,3,neutral,False,0.1177271157503128,0.23338642716407776,0.1698552370071411,0.42343443632125854,0.05559678003191948
dia49_utt8,3,neutral,3,neutral,True,0.08293798565864563,0.173258975148201,0.09810730814933777,0.5160574913024902,0.12963831424713135
dia49_utt9,0,anger,1,fear,False,0.1440688818693161,0.5055579543113708,0.07076425850391388,0.01332871150225401,0.26628026366233826
dia49_utt10,0,anger,3,neutral,False,0.26949405670166016,0.12388139963150024,0.12083456665277481,0.38153499364852905,0.10425496101379395
dia49_utt11,0,anger,0,anger,True,0.49213579297065735,0.40088579058647156,0.031125035136938095,0.01035455521196127,0.06549874693155289
dia49_utt12,3,neutral,3,neutral,True,0.06605546176433563,0.15307819843292236,0.06405442208051682,0.5986016392707825,0.11821026355028152
dia49_utt13,0,anger,0,anger,True,0.7741848826408386,0.08231379091739655,0.03375059738755226,0.03816981613636017,0.07158096134662628
dia49_utt14,3,neutral,0,anger,False,0.3338547945022583,0.10770096629858017,0.13940943777561188,0.32851842045783997,0.0905163362622261
dia50_utt2,0,anger,0,anger,True,0.864314615726471,0.04970329627394676,0.03682493045926094,0.011514157988131046,0.037643030285835266
dia50_utt3,3,neutral,3,neutral,True,0.05912735313177109,0.1756189614534378,0.061452705413103104,0.6316566467285156,0.07214429974555969
dia51_utt0,3,neutral,3,neutral,True,0.12371565401554108,0.1467367559671402,0.1617155224084854,0.40131381154060364,0.16651827096939087
dia51_utt1,2,joy,3,neutral,False,0.156223326921463,0.13144487142562866,0.28320348262786865,0.3512497842311859,0.07787850499153137
dia51_utt2,3,neutral,3,neutral,True,0.06027861312031746,0.2688341438770294,0.18984238803386688,0.3959553837776184,0.08508951961994171
dia51_utt3,3,neutral,3,neutral,True,0.06235501170158386,0.17254643142223358,0.10365030914545059,0.5827203392982483,0.07872796058654785
dia51_utt4,3,neutral,4,sadness,False,0.1611003428697586,0.13203312456607819,0.10554905235767365,0.2848183810710907,0.31649911403656006
dia51_utt5,3,neutral,3,neutral,True,0.07027798146009445,0.1696823537349701,0.0923786461353302,0.5381314754486084,0.12952950596809387
dia51_utt6,0,anger,2,joy,False,0.25848647952079773,0.15232780575752258,0.5239447951316833,0.023474570363759995,0.04176628589630127
dia52_utt0,3,neutral,3,neutral,True,0.0561775378882885,0.2672240138053894,0.08330927789211273,0.5288497805595398,0.0644393116235733
dia52_utt1,2,joy,2,joy,True,0.03158922865986824,0.09020930528640747,0.8299545049667358,0.01704110950231552,0.03120596334338188
dia52_utt2,3,neutral,3,neutral,True,0.07107489556074142,0.19576554000377655,0.08973747491836548,0.5595934987068176,0.08382850885391235
dia53_utt0,2,joy,4,sadness,False,0.1929643601179123,0.2027563750743866,0.20073695480823517,0.12221471965312958,0.28132757544517517
dia53_utt1,3,neutral,3,neutral,True,0.07309243828058243,0.18245795369148254,0.08716041594743729,0.5467173457145691,0.11057182401418686
dia53_utt2,2,joy,3,neutral,False,0.06866753101348877,0.22274649143218994,0.15128923952579498,0.47944819927215576,0.07784850895404816
dia53_utt3,3,neutral,2,joy,False,0.13904091715812683,0.14728735387325287,0.3825009763240814,0.24177098274230957,0.08939975500106812
dia53_utt4,3,neutral,3,neutral,True,0.07745372503995895,0.17621451616287231,0.05935683846473694,0.5723099112510681,0.11466497927904129
dia53_utt5,3,neutral,3,neutral,True,0.1321478635072708,0.11260513216257095,0.1352321207523346,0.45325976610183716,0.16675512492656708
dia53_utt6,3,neutral,3,neutral,True,0.1360819786787033,0.1653124839067459,0.09997377544641495,0.48304179310798645,0.11558999866247177
dia53_utt7,2,joy,3,neutral,False,0.15971317887306213,0.12543685734272003,0.32843104004859924,0.3300386071205139,0.05638029798865318
dia53_utt8,2,joy,3,neutral,False,0.10290408879518509,0.1959940791130066,0.08836302161216736,0.47652116417884827,0.1362176239490509
dia54_utt0,3,neutral,3,neutral,True,0.08016152679920197,0.1809116005897522,0.08518580347299576,0.5738140940666199,0.07992702722549438
dia54_utt1,3,neutral,3,neutral,True,0.0710945874452591,0.2530387341976166,0.08417993038892746,0.5169250965118408,0.07476159185171127
dia54_utt2,2,joy,0,anger,False,0.5162901282310486,0.17217721045017242,0.2041662335395813,0.028787756338715553,0.07857868820428848
dia54_utt3,3,neutral,3,neutral,True,0.17912158370018005,0.14150670170783997,0.13342095911502838,0.4397727847099304,0.10617787390947342
dia54_utt4,3,neutral,3,neutral,True,0.2336866706609726,0.2053736299276352,0.210732102394104,0.23609520494937897,0.11411245167255402
dia54_utt6,3,neutral,3,neutral,True,0.06063659116625786,0.17741771042346954,0.16217291355133057,0.5151957869529724,0.08457698673009872
dia54_utt7,3,neutral,3,neutral,True,0.09809080511331558,0.19355876743793488,0.1074296236038208,0.5249924659729004,0.07592835277318954
dia54_utt8,4,sadness,0,anger,False,0.5156065225601196,0.30668243765830994,0.053763870149850845,0.01764308474957943,0.10630404949188232
dia54_utt10,4,sadness,0,anger,False,0.7100642919540405,0.07424875348806381,0.029079778119921684,0.031689345836639404,0.15491779148578644
dia54_utt12,3,neutral,3,neutral,True,0.09299524128437042,0.17475898563861847,0.06411781162023544,0.5989015698432922,0.06922640651464462
dia55_utt0,4,sadness,4,sadness,True,0.007681015878915787,0.027938663959503174,0.01630045846104622,0.03566436842083931,0.9124155640602112
dia56_utt0,0,anger,2,joy,False,0.13905666768550873,0.10323885828256607,0.6799639463424683,0.03589627519249916,0.04184422641992569
dia56_utt1,4,sadness,3,neutral,False,0.10854386538267136,0.17968091368675232,0.07088131457567215,0.5649235844612122,0.07597032934427261
dia56_utt2,4,sadness,3,neutral,False,0.03399920463562012,0.2161971479654312,0.2536254823207855,0.27229976654052734,0.22387835383415222
dia56_utt3,3,neutral,3,neutral,True,0.06837590783834457,0.15901757776737213,0.06279122829437256,0.6435269713401794,0.06628838181495667
dia56_utt4,4,sadness,1,fear,False,0.013307007029652596,0.8073517084121704,0.03283880650997162,0.06678308546543121,0.07971938699483871
dia56_utt5,0,anger,2,joy,False,0.22797289490699768,0.20435357093811035,0.4632241725921631,0.032714568078517914,0.07173485308885574
dia56_utt6,0,anger,2,joy,False,0.34119975566864014,0.11259818822145462,0.42775145173072815,0.038039322942495346,0.08041136711835861
dia56_utt7,4,sadness,3,neutral,False,0.18829353153705597,0.1381457895040512,0.07436957955360413,0.47325432300567627,0.125936821103096
dia56_utt8,4,sadness,3,neutral,False,0.06963706761598587,0.14945103228092194,0.12389926612377167,0.5244446396827698,0.13256800174713135
dia56_utt9,4,sadness,4,sadness,True,0.042349860072135925,0.34926408529281616,0.09829823672771454,0.15722401440143585,0.3528638482093811
dia56_utt10,4,sadness,2,joy,False,0.07652062922716141,0.14853176474571228,0.4592306315898895,0.2084621787071228,0.107254758477211
dia56_utt11,4,sadness,3,neutral,False,0.12181754410266876,0.13685868680477142,0.12036893516778946,0.5044884085655212,0.11646635830402374
dia56_utt12,4,sadness,3,neutral,False,0.13493464887142181,0.1671823114156723,0.3015294671058655,0.3279470205307007,0.0684065893292427
dia56_utt13,4,sadness,3,neutral,False,0.11739862710237503,0.13819436728954315,0.20292094349861145,0.29355913400650024,0.24792686104774475
dia56_utt14,3,neutral,4,sadness,False,0.10685642063617706,0.12332172691822052,0.15276609361171722,0.3064188063144684,0.3106369078159332
dia56_utt15,3,neutral,2,joy,False,0.11481772363185883,0.20220133662223816,0.44794657826423645,0.16630597412586212,0.06872838735580444
dia56_utt16,4,sadness,2,joy,False,0.04680353030562401,0.07094991952180862,0.7978304624557495,0.03797675669193268,0.04643929749727249
dia57_utt0,3,neutral,2,joy,False,0.11127641052007675,0.09542407095432281,0.7041476368904114,0.03624100238084793,0.05291088670492172
dia57_utt1,3,neutral,3,neutral,True,0.0639936774969101,0.1509116291999817,0.08059988170862198,0.6104249358177185,0.09406990557909012
dia57_utt2,3,neutral,3,neutral,True,0.12269656360149384,0.15866005420684814,0.13161812722682953,0.4931570291519165,0.09386823326349258
dia57_utt3,2,joy,2,joy,True,0.033149898052215576,0.09950031340122223,0.7984563708305359,0.036001451313495636,0.03289192542433739
dia57_utt4,2,joy,2,joy,True,0.04607529938220978,0.09144172072410583,0.7407185435295105,0.08143922686576843,0.04032518342137337
dia57_utt5,2,joy,2,joy,True,0.04607529938220978,0.09144172072410583,0.7407185435295105,0.08143922686576843,0.04032518342137337
dia57_utt7,3,neutral,3,neutral,True,0.11655114591121674,0.12475144863128662,0.11115959286689758,0.48581138253211975,0.16172637045383453
dia57_utt8,3,neutral,3,neutral,True,0.21481958031654358,0.11708088219165802,0.11551926285028458,0.40241509675979614,0.15016517043113708
dia57_utt9,3,neutral,3,neutral,True,0.11202220618724823,0.13191387057304382,0.1061900407075882,0.47859060764312744,0.1712832748889923
dia57_utt10,3,neutral,3,neutral,True,0.09420476108789444,0.16956551373004913,0.0811501294374466,0.5255602598190308,0.12951932847499847
dia57_utt11,3,neutral,3,neutral,True,0.0833568274974823,0.33717140555381775,0.1281321495771408,0.3816923201084137,0.06964723020792007
dia57_utt12,2,joy,3,neutral,False,0.0905933678150177,0.17819790542125702,0.08703774958848953,0.5261878967285156,0.11798308044672012
dia58_utt0,3,neutral,3,neutral,True,0.12790736556053162,0.2564944326877594,0.11285030096769333,0.3179680109024048,0.18477985262870789
dia58_utt2,3,neutral,3,neutral,True,0.06377338618040085,0.2484394758939743,0.0733310654759407,0.46143436431884766,0.15302173793315887
dia58_utt3,3,neutral,2,joy,False,0.07879380881786346,0.28555428981781006,0.40191033482551575,0.14450004696846008,0.08924150466918945
dia58_utt5,2,joy,2,joy,True,0.07149594277143478,0.13185477256774902,0.49700769782066345,0.22793591022491455,0.07170570641756058
dia58_utt7,2,joy,2,joy,True,0.13622291386127472,0.15553347766399384,0.5415413975715637,0.11603504419326782,0.05066720396280289
dia58_utt8,3,neutral,3,neutral,True,0.0837228000164032,0.31243792176246643,0.1440916508436203,0.3833681046962738,0.07637950032949448
dia58_utt9,3,neutral,3,neutral,True,0.06533337384462357,0.20526021718978882,0.10311055928468704,0.5268445014953613,0.09945140033960342
dia58_utt10,3,neutral,3,neutral,True,0.05573882907629013,0.2537379562854767,0.10938473045825958,0.514068603515625,0.06706991791725159
dia58_utt11,2,joy,2,joy,True,0.13087502121925354,0.13061966001987457,0.6366844177246094,0.036842964589595795,0.06497791409492493
dia59_utt0,3,neutral,3,neutral,True,0.09061099588871002,0.16495893895626068,0.08962095528841019,0.5392972230911255,0.11551187932491302
dia59_utt1,3,neutral,3,neutral,True,0.06115343049168587,0.14058952033519745,0.14176137745380402,0.5626311302185059,0.0938645452260971
dia59_utt2,3,neutral,3,neutral,True,0.11638692021369934,0.26602235436439514,0.15278242528438568,0.3140637278556824,0.15074461698532104
dia59_utt3,3,neutral,0,anger,False,0.4637163281440735,0.12932464480400085,0.2602483332157135,0.07398214191198349,0.07272855192422867
dia59_utt4,3,neutral,3,neutral,True,0.22192645072937012,0.12206669896841049,0.073183573782444,0.43112948536872864,0.15169383585453033
dia60_utt1,3,neutral,2,joy,False,0.061436425894498825,0.1124347448348999,0.6084846258163452,0.15465869009494781,0.06298554688692093
dia60_utt2,0,anger,0,anger,True,0.8580232858657837,0.05447624623775482,0.04383840039372444,0.01826564222574234,0.02539650723338127
dia60_utt3,2,joy,3,neutral,False,0.12894536554813385,0.12283042073249817,0.22724735736846924,0.34888768196105957,0.1720891296863556
dia60_utt4,3,neutral,3,neutral,True,0.08666019886732101,0.1181904748082161,0.11559361964464188,0.4303220212459564,0.24923375248908997
dia60_utt5,2,joy,2,joy,True,0.09964016079902649,0.15432099997997284,0.46298661828041077,0.1869949996471405,0.09605722874403
dia60_utt6,2,joy,2,joy,True,0.030084801837801933,0.10694671422243118,0.6840586066246033,0.1047758162021637,0.07413410395383835
dia61_utt0,2,joy,2,joy,True,0.05422479286789894,0.09792806953191757,0.7584840655326843,0.052762169390916824,0.03660086169838905
dia61_utt1,2,joy,2,joy,True,0.05422479286789894,0.09792806953191757,0.7584840655326843,0.052762169390916824,0.03660086169838905
dia61_utt2,3,neutral,3,neutral,True,0.09305249899625778,0.17297706007957458,0.24841418862342834,0.41652360558509827,0.06903266906738281
dia61_utt3,3,neutral,3,neutral,True,0.07888779044151306,0.35320544242858887,0.0619802251458168,0.43828535079956055,0.0676412358880043
dia61_utt4,3,neutral,3,neutral,True,0.09265614300966263,0.18485450744628906,0.19728167355060577,0.4326420724391937,0.09256569296121597
dia61_utt5,2,joy,2,joy,True,0.019759291782975197,0.09251076728105545,0.8385471105575562,0.013034611940383911,0.03614822402596474
dia62_utt0,3,neutral,1,fear,False,0.05623555928468704,0.36367061734199524,0.15472738444805145,0.29580652713775635,0.12955999374389648
dia62_utt1,2,joy,2,joy,True,0.13945184648036957,0.25762084126472473,0.36135751008987427,0.11765981465578079,0.12390996515750885
dia62_utt3,3,neutral,3,neutral,True,0.06807985156774521,0.14376044273376465,0.19470053911209106,0.4916328191757202,0.10182639211416245
dia62_utt4,3,neutral,1,fear,False,0.04738805815577507,0.36232802271842957,0.08614452928304672,0.29500240087509155,0.209136962890625
dia62_utt5,3,neutral,2,joy,False,0.10683543980121613,0.13056239485740662,0.48079460859298706,0.1731572151184082,0.10865040868520737
dia63_utt0,2,joy,0,anger,False,0.3887256681919098,0.11224527657032013,0.2958713173866272,0.08460315316915512,0.11855462193489075
dia63_utt1,3,neutral,3,neutral,True,0.11738870292901993,0.11923731118440628,0.11753208190202713,0.42604851722717285,0.2197934091091156
dia63_utt2,0,anger,3,neutral,False,0.17529137432575226,0.20266011357307434,0.07340758293867111,0.3272276520729065,0.22141332924365997
dia63_utt3,2,joy,2,joy,True,0.03675495833158493,0.08816921710968018,0.8037064671516418,0.027934405952692032,0.043434988707304
dia63_utt4,2,joy,2,joy,True,0.09437545388936996,0.1084069237112999,0.7130552530288696,0.030424920842051506,0.05373742803931236
dia63_utt5,4,sadness,3,neutral,False,0.05017746239900589,0.3075243830680847,0.07198125869035721,0.5145036578178406,0.0558132529258728
dia63_utt6,3,neutral,3,neutral,True,0.06604611128568649,0.16328619420528412,0.062105197459459305,0.5473558902740479,0.1612066626548767
dia63_utt7,3,neutral,3,neutral,True,0.09964893758296967,0.12351276725530624,0.07756877690553665,0.5954104661941528,0.10385909676551819
dia63_utt8,4,sadness,4,sadness,True,0.14044392108917236,0.15637081861495972,0.1146409884095192,0.1818089783191681,0.406735360622406
dia63_utt10,2,joy,2,joy,True,0.05626187101006508,0.13857120275497437,0.6880925893783569,0.04435494542121887,0.07271945476531982
dia63_utt11,2,joy,2,joy,True,0.015751492232084274,0.07342333346605301,0.8752532005310059,0.009424034506082535,0.026147957891225815
dia63_utt13,3,neutral,3,neutral,True,0.07277428358793259,0.24131257832050323,0.13884508609771729,0.42934679985046387,0.11772125959396362
dia63_utt14,3,neutral,1,fear,False,0.10411746054887772,0.38959190249443054,0.19993363320827484,0.16371481120586395,0.14264215528964996
dia63_utt15,3,neutral,2,joy,False,0.11026805639266968,0.14560076594352722,0.4407210946083069,0.20177683234214783,0.10163331031799316
dia63_utt16,3,neutral,2,joy,False,0.09561685472726822,0.12231074273586273,0.426645964384079,0.24226604402065277,0.1131603866815567
dia63_utt17,3,neutral,3,neutral,True,0.05050835758447647,0.14331959187984467,0.25575220584869385,0.4380333721637726,0.11238647252321243
dia63_utt18,3,neutral,1,fear,False,0.2537326216697693,0.3287554979324341,0.07751645147800446,0.18668006360530853,0.15331535041332245
dia63_utt19,3,neutral,3,neutral,True,0.07061958312988281,0.12610836327075958,0.06692660599946976,0.6112527847290039,0.12509261071681976
dia63_utt20,3,neutral,3,neutral,True,0.08073202520608902,0.296895831823349,0.08774081617593765,0.4677674174308777,0.06686386466026306
dia64_utt1,2,joy,3,neutral,False,0.1378667950630188,0.2124921679496765,0.14536769688129425,0.35607466101646423,0.14819864928722382
dia64_utt2,3,neutral,3,neutral,True,0.1565430760383606,0.16141372919082642,0.1732192188501358,0.33926066756248474,0.16956329345703125
dia64_utt3,3,neutral,3,neutral,True,0.09358139336109161,0.12791450321674347,0.08842819184064865,0.5815725922584534,0.1085033118724823
dia64_utt4,3,neutral,2,joy,False,0.16788342595100403,0.12354793399572372,0.3547590374946594,0.28715237975120544,0.06665724515914917
dia65_utt0,2,joy,2,joy,True,0.025221850723028183,0.09987621009349823,0.7954298257827759,0.044352274388074875,0.03511981666088104
dia65_utt1,3,neutral,3,neutral,True,0.10227487981319427,0.11349855363368988,0.12581561505794525,0.5246198177337646,0.13379111886024475
dia65_utt2,2,joy,2,joy,True,0.019864803180098534,0.0731787160038948,0.8680881261825562,0.011396261863410473,0.02747202292084694
dia65_utt3,3,neutral,4,sadness,False,0.10753735899925232,0.1698317974805832,0.06921131908893585,0.31753942370414734,0.3358801305294037
dia65_utt5,2,joy,2,joy,True,0.04954563081264496,0.12286635488271713,0.7737007141113281,0.019693462178111076,0.03419380635023117
dia65_utt6,3,neutral,3,neutral,True,0.06604611128568649,0.16328619420528412,0.062105197459459305,0.5473558902740479,0.1612066626548767
dia65_utt7,3,neutral,1,fear,False,0.08740471303462982,0.5276328921318054,0.12062575668096542,0.18979412317276,0.07454250007867813
dia65_utt8,3,neutral,1,fear,False,0.04959552362561226,0.44637802243232727,0.10702534019947052,0.31606611609458923,0.08093501627445221
dia65_utt9,1,fear,1,fear,True,0.03579653799533844,0.45791304111480713,0.054026369005441666,0.22690488398075104,0.22535905241966248
dia65_utt10,2,joy,2,joy,True,0.05911124125123024,0.11545198410749435,0.7706946134567261,0.01454963069409132,0.04019244387745857
dia66_utt1,3,neutral,3,neutral,True,0.07696830481290817,0.11916718631982803,0.0865800529718399,0.46919143199920654,0.24809305369853973
dia66_utt2,3,neutral,4,sadness,False,0.04500038921833038,0.12633581459522247,0.05310114473104477,0.21104709804058075,0.5645155906677246
dia66_utt4,0,anger,0,anger,True,0.7949932813644409,0.08830740302801132,0.03762062266469002,0.011428911238908768,0.06764980405569077
dia66_utt5,4,sadness,3,neutral,False,0.07784657925367355,0.23223678767681122,0.20113146305084229,0.42206934094429016,0.06671588122844696
dia66_utt6,3,neutral,0,anger,False,0.6805993914604187,0.15234501659870148,0.0759335532784462,0.04750640317797661,0.043615616858005524
dia66_utt7,3,neutral,3,neutral,True,0.11594585329294205,0.24829010665416718,0.06888037919998169,0.4918587803840637,0.07502494007349014
dia66_utt8,3,neutral,1,fear,False,0.0640164464712143,0.6924552321434021,0.051225610077381134,0.14037203788757324,0.05193077400326729
dia66_utt11,3,neutral,3,neutral,True,0.1157984584569931,0.22342544794082642,0.1306574046611786,0.3946208655834198,0.1354978382587433
dia67_utt0,2,joy,2,joy,True,0.05422479286789894,0.09792806953191757,0.7584840655326843,0.052762169390916824,0.03660086169838905
dia67_utt1,2,joy,2,joy,True,0.033857423812150955,0.09594587981700897,0.8091517686843872,0.030872726812958717,0.03017229214310646
dia67_utt2,3,neutral,3,neutral,True,0.07399086654186249,0.1393555998802185,0.11845377087593079,0.5400893688201904,0.12811033427715302
dia67_utt3,2,joy,2,joy,True,0.062411118298769,0.10376889258623123,0.7086989879608154,0.06969265639781952,0.05542834475636482
dia67_utt4,2,joy,2,joy,True,0.03822441026568413,0.14360731840133667,0.2868901193141937,0.2839634120464325,0.24731473624706268
dia67_utt5,3,neutral,3,neutral,True,0.06917762756347656,0.1016158014535904,0.10623276978731155,0.46632400155067444,0.25664982199668884
dia67_utt6,3,neutral,3,neutral,True,0.06873681396245956,0.1602085530757904,0.06267733126878738,0.6259492635726929,0.08242803812026978
dia67_utt7,3,neutral,3,neutral,True,0.06284096091985703,0.28564998507499695,0.06611451506614685,0.4188780188560486,0.16651651263237
dia67_utt8,3,neutral,3,neutral,True,0.28651800751686096,0.19429422914981842,0.06011611968278885,0.3508778512477875,0.10819384455680847
dia67_utt10,3,neutral,3,neutral,True,0.06844892352819443,0.2065577507019043,0.07393869012594223,0.5844194889068604,0.06663516163825989
dia68_utt0,2,joy,2,joy,True,0.05422479286789894,0.09792806953191757,0.7584840655326843,0.052762169390916824,0.03660086169838905
dia68_utt1,3,neutral,3,neutral,True,0.07976460456848145,0.1495666205883026,0.12097496539354324,0.5737675428390503,0.07592631131410599
dia68_utt2,3,neutral,3,neutral,True,0.11249664425849915,0.11803947389125824,0.1548430323600769,0.4826164245605469,0.13200442492961884
dia68_utt4,3,neutral,3,neutral,True,0.142067089676857,0.20086094737052917,0.1054336279630661,0.45297878980636597,0.09865958243608475
dia68_utt5,4,sadness,2,joy,False,0.08895272016525269,0.1747359335422516,0.3610382378101349,0.28812602162361145,0.0871470719575882
dia68_utt7,1,fear,1,fear,True,0.049414362758398056,0.5276352167129517,0.20065927505493164,0.04508025199174881,0.17721092700958252
dia68_utt8,4,sadness,2,joy,False,0.18139559030532837,0.1788669228553772,0.38792499899864197,0.05975222960114479,0.19206024706363678
dia68_utt9,2,joy,2,joy,True,0.050235580652952194,0.1391797959804535,0.7498315572738647,0.02639484964311123,0.034358203411102295
dia68_utt10,2,joy,2,joy,True,0.034862399101257324,0.10561572015285492,0.7892141938209534,0.03433866798877716,0.03596905246376991
dia68_utt11,3,neutral,3,neutral,True,0.08868549019098282,0.1464632749557495,0.11283662915229797,0.48543602228164673,0.16657862067222595
dia69_utt0,2,joy,2,joy,True,0.05641951411962509,0.1531069427728653,0.4730873107910156,0.2448359727859497,0.07255028933286667
dia69_utt1,4,sadness,3,neutral,False,0.04892672225832939,0.2146136462688446,0.06103912368416786,0.5403295159339905,0.13509100675582886
dia69_utt2,3,neutral,3,neutral,True,0.06072495877742767,0.15491525828838348,0.2925455570220947,0.40358927845954895,0.08822496980428696
dia69_utt3,3,neutral,3,neutral,True,0.10355424135923386,0.24993456900119781,0.06916750222444534,0.47918078303337097,0.0981629341840744
dia69_utt4,2,joy,3,neutral,False,0.07296175509691238,0.38136008381843567,0.057408325374126434,0.41477176547050476,0.07349810004234314
dia69_utt5,3,neutral,4,sadness,False,0.04688630253076553,0.14549939334392548,0.08156796544790268,0.19519424438476562,0.5308520793914795
dia69_utt6,3,neutral,3,neutral,True,0.06895577907562256,0.19235533475875854,0.057474225759506226,0.5991876721382141,0.08202707767486572
dia69_utt7,3,neutral,3,neutral,True,0.07358801364898682,0.14203521609306335,0.0674457773566246,0.6217358708381653,0.09519509971141815
dia69_utt8,3,neutral,2,joy,False,0.11188939958810806,0.09652536362409592,0.6429365277290344,0.08864155411720276,0.06000716611742973
dia69_utt9,3,neutral,3,neutral,True,0.06606654077768326,0.23070752620697021,0.07224173098802567,0.5108482837677002,0.12013593316078186
dia69_utt10,3,neutral,3,neutral,True,0.08977039903402328,0.17232030630111694,0.05803091824054718,0.594740092754364,0.08513828366994858
dia69_utt11,4,sadness,1,fear,False,0.11521656066179276,0.30645930767059326,0.17036740481853485,0.14111459255218506,0.2668421268463135
dia69_utt12,3,neutral,3,neutral,True,0.21617205440998077,0.2039194405078888,0.15065473318099976,0.351911336183548,0.0773424282670021
dia69_utt13,4,sadness,0,anger,False,0.33463793992996216,0.07540056854486465,0.08699765056371689,0.2834493815898895,0.21951448917388916
dia69_utt14,4,sadness,3,neutral,False,0.12358162552118301,0.2116355448961258,0.20794788002967834,0.27788421511650085,0.1789507418870926
dia69_utt15,3,neutral,3,neutral,True,0.07610427588224411,0.2233554720878601,0.08046066761016846,0.4618901014328003,0.15818952023983002
dia69_utt16,4,sadness,0,anger,False,0.37456801533699036,0.28163647651672363,0.1755993813276291,0.07870563119649887,0.08949053287506104
dia69_utt17,4,sadness,1,fear,False,0.22637969255447388,0.25752580165863037,0.1857154369354248,0.2061210721731186,0.12425801157951355
dia69_utt19,4,sadness,4,sadness,True,0.17862632870674133,0.21292826533317566,0.06421422213315964,0.23305797576904297,0.3111732304096222
dia70_utt0,0,anger,0,anger,True,0.4392065405845642,0.21093951165676117,0.28150370717048645,0.01907256618142128,0.04927760735154152
dia70_utt1,3,neutral,3,neutral,True,0.19815774261951447,0.13006609678268433,0.11950115114450455,0.45525169372558594,0.0970233827829361
dia70_utt2,2,joy,2,joy,True,0.08011584728956223,0.12017275393009186,0.7482877969741821,0.02009759657084942,0.03132598102092743
dia70_utt3,2,joy,2,joy,True,0.09394504874944687,0.11904795467853546,0.7101065516471863,0.03988580405712128,0.037014637142419815
dia70_utt4,2,joy,2,joy,True,0.19159571826457977,0.16252578794956207,0.5634061694145203,0.02668752335011959,0.055784765630960464
dia71_utt0,2,joy,2,joy,True,0.09550446271896362,0.1056235134601593,0.7364914417266846,0.013542107306420803,0.04883848875761032
dia71_utt1,3,neutral,3,neutral,True,0.11301515996456146,0.14183931052684784,0.26651543378829956,0.33031004667282104,0.14832007884979248
dia71_utt4,2,joy,2,joy,True,0.1037231907248497,0.16531473398208618,0.41173818707466125,0.26184454560279846,0.057379353791475296
dia71_utt5,3,neutral,3,neutral,True,0.21730180084705353,0.09282363206148148,0.07517086714506149,0.39214012026786804,0.22256360948085785
dia72_utt0,0,anger,0,anger,True,0.3720458447933197,0.18163082003593445,0.35849252343177795,0.02321046032011509,0.06462031602859497
dia72_utt1,4,sadness,2,joy,False,0.14512981474399567,0.1817893087863922,0.5760350823402405,0.03375925123691559,0.06328652799129486
dia72_utt2,0,anger,2,joy,False,0.15179356932640076,0.16464972496032715,0.608768105506897,0.034478768706321716,0.04030976444482803
dia72_utt3,3,neutral,3,neutral,True,0.09843669086694717,0.30745524168014526,0.11417461931705475,0.4194214940071106,0.06051197275519371
dia72_utt4,3,neutral,3,neutral,True,0.100892074406147,0.1830938160419464,0.09526650607585907,0.5114973187446594,0.1092502623796463
dia72_utt6,0,anger,0,anger,True,0.8100828528404236,0.06804762035608292,0.0353328213095665,0.024654241278767586,0.06188248097896576
dia72_utt7,0,anger,0,anger,True,0.8458781242370605,0.06391867250204086,0.03712901100516319,0.015599069185554981,0.03747507557272911
dia72_utt8,3,neutral,3,neutral,True,0.05535910278558731,0.14402945339679718,0.32122501730918884,0.382583349943161,0.09680309146642685
dia72_utt9,0,anger,0,anger,True,0.3273182511329651,0.21476539969444275,0.10100314766168594,0.23708607256412506,0.11982714384794235
dia72_utt10,0,anger,0,anger,True,0.7006710171699524,0.08157523721456528,0.09688185900449753,0.0388973131775856,0.08197452872991562
dia72_utt11,0,anger,2,joy,False,0.2810226082801819,0.1606014519929886,0.3768669366836548,0.0802004337310791,0.10130862146615982
dia72_utt12,0,anger,0,anger,True,0.3786504864692688,0.16522842645645142,0.26981768012046814,0.05852336809039116,0.1277799904346466
dia72_utt13,0,anger,2,joy,False,0.2402452528476715,0.11893003433942795,0.5178712606430054,0.057848770171403885,0.06510467082262039
dia72_utt14,0,anger,2,joy,False,0.1899997889995575,0.11143295466899872,0.6008769273757935,0.047271598130464554,0.050418734550476074
dia72_utt15,3,neutral,3,neutral,True,0.09156505763530731,0.14138659834861755,0.2200288474559784,0.40105578303337097,0.14596377313137054
dia72_utt16,0,anger,0,anger,True,0.8007094860076904,0.06206903234124184,0.06948008388280869,0.034432943910360336,0.03330843895673752
dia72_utt17,3,neutral,0,anger,False,0.7092801332473755,0.06552387773990631,0.0876568853855133,0.05332258343696594,0.08421652764081955
dia72_utt18,0,anger,0,anger,True,0.401394784450531,0.10122866928577423,0.39133140444755554,0.03935723379254341,0.06668789684772491
dia73_utt0,0,anger,0,anger,True,0.646318793296814,0.06506549566984177,0.18882565200328827,0.02912752330303192,0.07066242396831512
dia73_utt1,0,anger,2,joy,False,0.05422479286789894,0.09792806953191757,0.7584840655326843,0.052762169390916824,0.03660086169838905
dia73_utt2,0,anger,2,joy,False,0.32485657930374146,0.12953487038612366,0.4563351273536682,0.03616425767540932,0.05310911685228348
dia74_utt0,2,joy,2,joy,True,0.04402753710746765,0.09854164719581604,0.7942460775375366,0.028845779597759247,0.03433894366025925
dia74_utt1,3,neutral,3,neutral,True,0.05124753341078758,0.1593247801065445,0.08060400187969208,0.6282983422279358,0.08052533119916916
dia74_utt2,2,joy,3,neutral,False,0.05104481056332588,0.26732510328292847,0.14924359321594238,0.4659738838672638,0.06641264259815216
dia74_utt3,4,sadness,3,neutral,False,0.08121175318956375,0.1846967488527298,0.11233920603990555,0.518311083316803,0.10344120860099792
dia74_utt5,3,neutral,3,neutral,True,0.060906894505023956,0.295002281665802,0.07024046033620834,0.49235016107559204,0.08150026202201843
dia74_utt6,3,neutral,3,neutral,True,0.08977039903402328,0.17232030630111694,0.05803091824054718,0.594740092754364,0.08513828366994858
dia74_utt7,3,neutral,3,neutral,True,0.13051703572273254,0.16904598474502563,0.29247772693634033,0.3246932029724121,0.08326604962348938
dia74_utt9,4,sadness,3,neutral,False,0.09626080840826035,0.25213178992271423,0.26153627038002014,0.2886473834514618,0.10142376273870468
dia74_utt11,3,neutral,3,neutral,True,0.08977039903402328,0.17232030630111694,0.05803091824054718,0.594740092754364,0.08513828366994858
dia74_utt12,3,neutral,3,neutral,True,0.08977039903402328,0.17232030630111694,0.05803091824054718,0.594740092754364,0.08513828366994858
dia74_utt13,3,neutral,3,neutral,True,0.19975382089614868,0.19441325962543488,0.11096280068159103,0.4159163236618042,0.0789538100361824
dia74_utt14,3,neutral,3,neutral,True,0.1176714301109314,0.14788159728050232,0.13387128710746765,0.5376368761062622,0.06293885409832001
dia74_utt15,3,neutral,1,fear,False,0.04803590849041939,0.3669229745864868,0.12188781797885895,0.28215503692626953,0.18099817633628845
dia74_utt16,3,neutral,3,neutral,True,0.12274222075939178,0.12289214879274368,0.13184402883052826,0.5565088391304016,0.06601270288228989
dia74_utt17,2,joy,3,neutral,False,0.11123373359441757,0.3589792251586914,0.09869208186864853,0.3821313977241516,0.04896359145641327
dia74_utt18,3,neutral,3,neutral,True,0.060093168169260025,0.2484719157218933,0.12616561353206635,0.46784746646881104,0.09742184728384018
dia74_utt19,0,anger,3,neutral,False,0.11383858323097229,0.19639553129673004,0.26442429423332214,0.3029419779777527,0.12239962071180344
dia75_utt0,3,neutral,2,joy,False,0.09658107161521912,0.14583738148212433,0.4004151523113251,0.2680395841598511,0.0891268402338028
dia76_utt0,2,joy,2,joy,True,0.1258179098367691,0.13551120460033417,0.6626272797584534,0.02666420489549637,0.0493793785572052
dia76_utt2,3,neutral,3,neutral,True,0.08977039903402328,0.17232030630111694,0.05803091824054718,0.594740092754364,0.08513828366994858
dia76_utt3,3,neutral,3,neutral,True,0.08977039903402328,0.17232030630111694,0.05803091824054718,0.594740092754364,0.08513828366994858
dia76_utt4,2,joy,3,neutral,False,0.0717836394906044,0.2102639526128769,0.09638343751430511,0.5239779353141785,0.09759102761745453
dia76_utt5,3,neutral,3,neutral,True,0.07110432535409927,0.17775531113147736,0.1084476187825203,0.5187659859657288,0.12392669916152954
dia76_utt6,2,joy,3,neutral,False,0.15276838839054108,0.21372878551483154,0.10005045682191849,0.37629809975624084,0.15715427696704865
dia76_utt7,2,joy,3,neutral,False,0.07473307847976685,0.2325098216533661,0.09332524240016937,0.4434940814971924,0.1559378206729889
dia76_utt8,2,joy,2,joy,True,0.14770221710205078,0.14251276850700378,0.5872479677200317,0.031551435589790344,0.09098559617996216
dia76_utt9,0,anger,0,anger,True,0.2860049605369568,0.15906918048858643,0.2379763424396515,0.19230787456035614,0.12464164197444916
dia76_utt10,0,anger,0,anger,True,0.6913961172103882,0.171934112906456,0.056780967861413956,0.022030409425497055,0.05785847455263138
dia76_utt11,0,anger,3,neutral,False,0.09907010942697525,0.20091038942337036,0.11737611889839172,0.49798694252967834,0.08465644717216492
dia76_utt12,3,neutral,3,neutral,True,0.07189907133579254,0.1800495684146881,0.08422287553548813,0.5548626184463501,0.10896589607000351
dia76_utt15,3,neutral,3,neutral,True,0.09336864203214645,0.2833443284034729,0.10969330370426178,0.4082571864128113,0.10533659905195236
dia76_utt16,3,neutral,3,neutral,True,0.10423245280981064,0.23535068333148956,0.09562572091817856,0.46045687794685364,0.10433429479598999
dia77_utt2,3,neutral,3,neutral,True,0.22020839154720306,0.12268416583538055,0.11761034280061722,0.3142041862010956,0.22529293596744537
dia77_utt3,2,joy,0,anger,False,0.4777791202068329,0.10655490309000015,0.1616656482219696,0.06883060932159424,0.18516968190670013
dia77_utt4,3,neutral,4,sadness,False,0.16323578357696533,0.06694278866052628,0.04160633310675621,0.23837807774543762,0.48983702063560486
dia77_utt5,3,neutral,3,neutral,True,0.07350541651248932,0.20103171467781067,0.08443914353847504,0.5315911769866943,0.10943254828453064
dia77_utt6,3,neutral,3,neutral,True,0.11175420135259628,0.15063893795013428,0.07261340320110321,0.5672576427459717,0.09773587435483932
dia77_utt7,3,neutral,3,neutral,True,0.3040565550327301,0.11880892515182495,0.1284160315990448,0.33037275075912476,0.11834573745727539
dia77_utt8,4,sadness,3,neutral,False,0.061228785663843155,0.22092440724372864,0.051761604845523834,0.422735333442688,0.24334987998008728
dia77_utt9,3,neutral,3,neutral,True,0.07849433273077011,0.13241958618164062,0.23716101050376892,0.3471798002719879,0.20474526286125183
dia77_utt10,4,sadness,3,neutral,False,0.12615056335926056,0.14322678744792938,0.09788703173398972,0.47993844747543335,0.1527971625328064
dia77_utt11,3,neutral,3,neutral,True,0.11594585329294205,0.24829010665416718,0.06888037919998169,0.4918587803840637,0.07502494007349014
dia77_utt12,4,sadness,2,joy,False,0.12245530635118484,0.12300964444875717,0.46930456161499023,0.19917748868465424,0.08605296164751053
dia77_utt13,4,sadness,1,fear,False,0.13922418653964996,0.3554346561431885,0.14011076092720032,0.17367494106292725,0.191555455327034
dia77_utt14,4,sadness,3,neutral,False,0.1784876137971878,0.1957911252975464,0.13553780317306519,0.3098706305027008,0.18031276762485504
dia77_utt15,3,neutral,3,neutral,True,0.2495620846748352,0.2145066112279892,0.058901119977235794,0.353834331035614,0.12319581210613251
dia77_utt16,4,sadness,2,joy,False,0.07865520566701889,0.19457845389842987,0.32793259620666504,0.2922395169734955,0.10659416764974594
dia77_utt17,3,neutral,1,fear,False,0.14353470504283905,0.3538667857646942,0.13877935707569122,0.21982818841934204,0.14399097859859467
dia77_utt18,3,neutral,3,neutral,True,0.06598850339651108,0.2274169921875,0.12465985864400864,0.4712086021900177,0.1107260063290596
dia77_utt19,3,neutral,3,neutral,True,0.15091829001903534,0.1481122225522995,0.2746572494506836,0.34567686915397644,0.0806354209780693
dia78_utt0,2,joy,2,joy,True,0.12306096404790878,0.11545347422361374,0.625565767288208,0.031543001532554626,0.10437677055597305
dia78_utt1,3,neutral,3,neutral,True,0.2453734129667282,0.13779331743717194,0.06549543887376785,0.49373552203178406,0.05760229751467705
dia78_utt2,3,neutral,1,fear,False,0.05205104872584343,0.8240143060684204,0.051532626152038574,0.03720828890800476,0.03519371524453163
dia78_utt3,0,anger,0,anger,True,0.8310460448265076,0.08286935091018677,0.029540766030550003,0.010279042646288872,0.04626471549272537
dia78_utt4,2,joy,0,anger,False,0.29493826627731323,0.2590143084526062,0.08842691034078598,0.26815125346183777,0.08946924656629562
dia78_utt5,1,fear,1,fear,True,0.0174008347094059,0.8270343542098999,0.03443712741136551,0.06559795886278152,0.05552972853183746
dia78_utt6,3,neutral,3,neutral,True,0.12377189844846725,0.2896108031272888,0.060233306139707565,0.46985527873039246,0.0565287247300148
dia78_utt7,1,fear,0,anger,False,0.2650720775127411,0.24986474215984344,0.1557517647743225,0.19560106098651886,0.1337103247642517
dia78_utt8,0,anger,0,anger,True,0.7761514186859131,0.08866933733224869,0.058356985449790955,0.014229598455131054,0.06259262561798096
dia79_utt0,2,joy,2,joy,True,0.08877403289079666,0.0949707180261612,0.7207789421081543,0.023373935371637344,0.07210233807563782
dia79_utt2,3,neutral,3,neutral,True,0.08019276708364487,0.20175230503082275,0.21169285476207733,0.43500226736068726,0.07135975360870361
dia79_utt3,3,neutral,3,neutral,True,0.09037993103265762,0.2030041217803955,0.15648692846298218,0.3918265104293823,0.15830256044864655
dia79_utt4,2,joy,0,anger,False,0.6436647772789001,0.14735031127929688,0.046855147927999496,0.048602841794490814,0.11352694034576416
dia79_utt5,2,joy,0,anger,False,0.35840892791748047,0.22494463622570038,0.33669403195381165,0.043015364557504654,0.03693699464201927
dia79_utt6,3,neutral,3,neutral,True,0.10610533505678177,0.169845849275589,0.15664133429527283,0.494232714176178,0.07317473739385605
dia79_utt7,4,sadness,1,fear,False,0.21612763404846191,0.26380491256713867,0.13649314641952515,0.2567518949508667,0.12682245671749115
dia79_utt8,3,neutral,4,sadness,False,0.061078134924173355,0.03818441554903984,0.07016333937644958,0.13020525872707367,0.7003688812255859
dia79_utt9,3,neutral,3,neutral,True,0.07170254737138748,0.23464486002922058,0.1551002413034439,0.4709964096546173,0.06755594164133072
dia79_utt10,4,sadness,1,fear,False,0.3200742304325104,0.41158589720726013,0.08992911130189896,0.06486845761537552,0.1135423481464386
dia80_utt0,3,neutral,2,joy,False,0.07453340291976929,0.1887313425540924,0.37630048394203186,0.2968073785305023,0.06362740695476532
dia80_utt1,3,neutral,3,neutral,True,0.06914795935153961,0.1706005334854126,0.05073815584182739,0.5985150337219238,0.11099832504987717
dia80_utt2,3,neutral,3,neutral,True,0.128427192568779,0.13938939571380615,0.07093289494514465,0.41239771246910095,0.2488527148962021
dia80_utt3,3,neutral,3,neutral,True,0.13438472151756287,0.14988039433956146,0.10308665782213211,0.5528769493103027,0.059771329164505005
dia80_utt5,3,neutral,3,neutral,True,0.06878820061683655,0.1537351757287979,0.05589711293578148,0.6359712481498718,0.08560829609632492
dia80_utt6,3,neutral,3,neutral,True,0.07925079762935638,0.18561817705631256,0.05151914432644844,0.6197140216827393,0.06389783322811127
dia80_utt7,2,joy,3,neutral,False,0.09215197712182999,0.15715335309505463,0.3214849531650543,0.34439817070961,0.08481151610612869
dia80_utt8,3,neutral,3,neutral,True,0.07954123616218567,0.16292934119701385,0.08432051539421082,0.5945175290107727,0.07869136333465576
dia80_utt9,3,neutral,3,neutral,True,0.1294427365064621,0.1714000701904297,0.08359493315219879,0.5118310451507568,0.10373122245073318
dia81_utt0,2,joy,3,neutral,False,0.19539757072925568,0.17172355949878693,0.06945037841796875,0.4562024772167206,0.10722598433494568
dia81_utt1,3,neutral,2,joy,False,0.13745738565921783,0.29064226150512695,0.4637652039527893,0.04582937806844711,0.06230577826499939
dia81_utt2,2,joy,2,joy,True,0.028468871489167213,0.07684983313083649,0.8550457954406738,0.012694820761680603,0.02694062888622284
dia82_utt0,2,joy,2,joy,True,0.14270485937595367,0.13286951184272766,0.6291823983192444,0.04010462015867233,0.05513864383101463
dia82_utt1,0,anger,0,anger,True,0.5623906254768372,0.06044464185833931,0.10509119182825089,0.07504114508628845,0.19703246653079987
dia82_utt2,3,neutral,3,neutral,True,0.1713528335094452,0.13753467798233032,0.12664103507995605,0.46013399958610535,0.10433751344680786
dia82_utt3,0,anger,4,sadness,False,0.13801689445972443,0.09203170984983444,0.052527785301208496,0.23131121695041656,0.4861123859882355
dia82_utt4,3,neutral,3,neutral,True,0.07256816327571869,0.14338834583759308,0.10291378945112228,0.6017010807991028,0.07942859083414078
dia82_utt5,0,anger,0,anger,True,0.7036047577857971,0.14683687686920166,0.0646829754114151,0.018423713743686676,0.06645171344280243
dia82_utt7,3,neutral,3,neutral,True,0.19201233983039856,0.19243471324443817,0.10005342215299606,0.44037988781929016,0.07511971890926361
dia82_utt8,0,anger,0,anger,True,0.42207270860671997,0.14120417833328247,0.3603134751319885,0.019953804090619087,0.05645585060119629
dia82_utt9,3,neutral,3,neutral,True,0.09003143757581711,0.26957282423973083,0.07330233603715897,0.49946513772010803,0.06762827187776566
dia82_utt10,3,neutral,3,neutral,True,0.17725668847560883,0.16550400853157043,0.17980648577213287,0.40219414234161377,0.0752386674284935
dia82_utt11,3,neutral,3,neutral,True,0.12520034611225128,0.19072139263153076,0.06504829227924347,0.42916813492774963,0.18986192345619202
dia82_utt12,3,neutral,3,neutral,True,0.07632481306791306,0.13137735426425934,0.10390425473451614,0.5930573344230652,0.09533625841140747
dia82_utt13,2,joy,2,joy,True,0.051662664860486984,0.08662435412406921,0.8198649287223816,0.01614168845117092,0.025706332176923752
dia82_utt15,3,neutral,3,neutral,True,0.06930117309093475,0.14622783660888672,0.07515229284763336,0.5975026488304138,0.11181607842445374
dia82_utt16,3,neutral,3,neutral,True,0.12807296216487885,0.2582884728908539,0.10242700576782227,0.4595505893230438,0.05166094750165939
dia82_utt17,3,neutral,3,neutral,True,0.07200377434492111,0.1690773218870163,0.1725383996963501,0.5179418921470642,0.06843862682580948
dia82_utt18,0,anger,2,joy,False,0.11182070523500443,0.1221531480550766,0.7062110900878906,0.02369781956076622,0.03611721843481064
dia83_utt0,0,anger,2,joy,False,0.32339999079704285,0.12731176614761353,0.4737718403339386,0.015605757012963295,0.05991067364811897
dia83_utt2,2,joy,2,joy,True,0.17121651768684387,0.11049510538578033,0.30145877599716187,0.2841639220714569,0.1326657086610794
dia83_utt4,3,neutral,3,neutral,True,0.06617416441440582,0.18369673192501068,0.1879611760377884,0.36621755361557007,0.19595037400722504
dia83_utt5,3,neutral,3,neutral,True,0.07946048676967621,0.24160893261432648,0.26425641775131226,0.34264180064201355,0.07203234732151031
dia83_utt6,3,neutral,3,neutral,True,0.05577441304922104,0.16399016976356506,0.3408265709877014,0.3499327301979065,0.0894761011004448
dia83_utt7,2,joy,2,joy,True,0.029588773846626282,0.12940940260887146,0.7009482383728027,0.09057419747114182,0.04947933927178383
dia84_utt2,3,neutral,2,joy,False,0.1407872587442398,0.20297743380069733,0.30053094029426575,0.2675589323043823,0.08814544230699539
dia84_utt4,4,sadness,0,anger,False,0.646872341632843,0.08197997510433197,0.10408882796764374,0.047876909375190735,0.11918192356824875
dia84_utt5,4,sadness,0,anger,False,0.814545214176178,0.071815624833107,0.03767133876681328,0.014124946668744087,0.06184285506606102
dia84_utt6,3,neutral,3,neutral,True,0.0693945437669754,0.274863064289093,0.06436776369810104,0.4981989860534668,0.09317559748888016
dia84_utt7,3,neutral,3,neutral,True,0.07450009137392044,0.2462523877620697,0.05404166877269745,0.5313388109207153,0.09386704862117767
dia85_utt0,3,neutral,3,neutral,True,0.05688319727778435,0.23727566003799438,0.12979432940483093,0.46820682287216187,0.10783997178077698
dia85_utt1,2,joy,2,joy,True,0.13726505637168884,0.18720729649066925,0.4169631004333496,0.20202437043190002,0.05654014274477959
dia85_utt2,3,neutral,3,neutral,True,0.19317041337490082,0.1506112515926361,0.25391772389411926,0.3415168523788452,0.06078376993536949
dia85_utt3,3,neutral,3,neutral,True,0.07699836790561676,0.13688376545906067,0.14259745180606842,0.5479514002799988,0.09556901454925537
dia85_utt4,2,joy,2,joy,True,0.2469339668750763,0.1995830237865448,0.46563324332237244,0.05130723863840103,0.03654251620173454
dia85_utt7,2,joy,2,joy,True,0.02268136478960514,0.08392246067523956,0.8469662666320801,0.013088565319776535,0.03334132209420204
dia85_utt9,2,joy,0,anger,False,0.7645231485366821,0.07406871765851974,0.09286046773195267,0.01719004660844803,0.05135760083794594
dia85_utt10,0,anger,0,anger,True,0.6662577986717224,0.07407984882593155,0.12062568962574005,0.061040639877319336,0.07799596339464188
dia85_utt12,3,neutral,3,neutral,True,0.0638028010725975,0.3611146807670593,0.062172841280698776,0.46413347125053406,0.04877619817852974
dia85_utt13,3,neutral,0,anger,False,0.6984931230545044,0.11338738352060318,0.10786531865596771,0.025517258793115616,0.05473693087697029
dia85_utt15,3,neutral,3,neutral,True,0.06915431469678879,0.15385690331459045,0.056940365582704544,0.582140326499939,0.13790804147720337
dia86_utt0,3,neutral,3,neutral,True,0.06603404879570007,0.21321256458759308,0.20812101662158966,0.4287079870700836,0.08392442017793655
dia86_utt1,3,neutral,0,anger,False,0.40557894110679626,0.18260802328586578,0.10179808735847473,0.18426503241062164,0.12574990093708038
dia86_utt2,3,neutral,3,neutral,True,0.17599786818027496,0.07695351541042328,0.09373457729816437,0.35513511300086975,0.29817888140678406
dia86_utt3,3,neutral,4,sadness,False,0.06863094121217728,0.1067918986082077,0.06836336851119995,0.32202908396720886,0.4341847002506256
dia87_utt0,3,neutral,3,neutral,True,0.13684135675430298,0.21851174533367157,0.10600128769874573,0.42191287875175476,0.11673270910978317
dia87_utt1,3,neutral,1,fear,False,0.05029628425836563,0.4417670667171478,0.09516636282205582,0.22475287318229675,0.18801742792129517
dia87_utt2,3,neutral,3,neutral,True,0.05894128978252411,0.27414339780807495,0.15472197532653809,0.45442020893096924,0.05777304247021675
dia87_utt3,3,neutral,1,fear,False,0.16181914508342743,0.34894415736198425,0.10966620594263077,0.31355613470077515,0.06601439416408539
dia87_utt4,2,joy,2,joy,True,0.28824612498283386,0.22154618799686432,0.40470975637435913,0.037865087389945984,0.04763280972838402
dia88_utt1,3,neutral,3,neutral,True,0.09369425475597382,0.15769565105438232,0.07272018492221832,0.5533086061477661,0.12258134037256241
dia88_utt3,4,sadness,1,fear,False,0.24027328193187714,0.6531304121017456,0.036435600370168686,0.023239172995090485,0.046921506524086
dia88_utt4,0,anger,0,anger,True,0.5916604399681091,0.15232239663600922,0.1539299041032791,0.0326378270983696,0.06944943219423294
dia88_utt5,3,neutral,3,neutral,True,0.22029592096805573,0.2152453362941742,0.1140371784567833,0.2729605436325073,0.17746101319789886
dia89_utt0,1,fear,2,joy,False,0.3738758862018585,0.13476574420928955,0.37865257263183594,0.03129490092396736,0.0814109519124031
dia89_utt1,0,anger,3,neutral,False,0.07639151811599731,0.18034657835960388,0.25817689299583435,0.42483118176460266,0.06025387719273567
dia89_utt2,1,fear,0,anger,False,0.4455206096172333,0.4168962240219116,0.03211620822548866,0.01599210500717163,0.0894748792052269
dia89_utt3,3,neutral,1,fear,False,0.15470057725906372,0.4465630352497101,0.08539467304944992,0.20350529253482819,0.10983646661043167
dia89_utt4,3,neutral,3,neutral,True,0.11633522063493729,0.17562325298786163,0.11852840334177017,0.47891107201576233,0.11060205847024918
dia89_utt5,4,sadness,4,sadness,True,0.009826583787798882,0.058542873710393906,0.03438198193907738,0.03148912265896797,0.8657593131065369
dia89_utt6,4,sadness,4,sadness,True,0.0171044934540987,0.04588588699698448,0.03748755902051926,0.10850032418966293,0.7910217642784119
dia89_utt7,4,sadness,4,sadness,True,0.329043447971344,0.07800217717885971,0.1915782392024994,0.059225134551525116,0.34215104579925537
dia89_utt8,2,joy,2,joy,True,0.18920914828777313,0.1160147413611412,0.6295475363731384,0.023705439642071724,0.04152316227555275
dia89_utt9,3,neutral,3,neutral,True,0.14060495793819427,0.1298241913318634,0.2696865499019623,0.3706029951572418,0.08928126096725464
dia89_utt10,3,neutral,2,joy,False,0.08967112749814987,0.13431686162948608,0.6384475231170654,0.08258874714374542,0.054975684732198715
dia90_utt0,2,joy,3,neutral,False,0.11488883197307587,0.1456591933965683,0.13234522938728333,0.5251796245574951,0.08192712813615799
dia90_utt1,3,neutral,1,fear,False,0.08274953812360764,0.40910136699676514,0.10750497877597809,0.3136689066886902,0.08697520196437836
dia90_utt2,1,fear,3,neutral,False,0.07715015113353729,0.22942982614040375,0.2244984209537506,0.3534443974494934,0.11547728627920151
dia90_utt3,3,neutral,3,neutral,True,0.0813293531537056,0.2458467185497284,0.060012444853782654,0.5237717032432556,0.08903978019952774
dia90_utt4,3,neutral,3,neutral,True,0.10342825949192047,0.1434207260608673,0.04712800309062004,0.5657877326011658,0.1402352899312973
dia90_utt5,0,anger,0,anger,True,0.3734697997570038,0.1426384001970291,0.18919597566127777,0.1595330536365509,0.13516277074813843
dia90_utt6,4,sadness,4,sadness,True,0.1997404396533966,0.05434001237154007,0.06892740726470947,0.04746567830443382,0.6295264959335327
dia91_utt1,3,neutral,3,neutral,True,0.06381893157958984,0.1632261872291565,0.0828099250793457,0.5840094089508057,0.1061355322599411
dia91_utt2,3,neutral,3,neutral,True,0.08128266781568527,0.2256373018026352,0.06093738228082657,0.5336652398109436,0.09847742319107056
dia91_utt3,3,neutral,3,neutral,True,0.08327297866344452,0.16796980798244476,0.09310206770896912,0.5676798820495605,0.08797526359558105
dia91_utt4,0,anger,3,neutral,False,0.18975591659545898,0.22012071311473846,0.08811552822589874,0.39202457666397095,0.10998329520225525
dia91_utt7,3,neutral,0,anger,False,0.4010560214519501,0.17276598513126373,0.11309543251991272,0.1462492197751999,0.16683334112167358
dia91_utt9,3,neutral,3,neutral,True,0.17121067643165588,0.26444897055625916,0.07697782665491104,0.33048081398010254,0.15688176453113556
dia92_utt2,2,joy,2,joy,True,0.0470355786383152,0.1325925886631012,0.7532082200050354,0.026695577427744865,0.040468085557222366
dia92_utt6,1,fear,0,anger,False,0.6688552498817444,0.13708575069904327,0.09396488964557648,0.021775010973215103,0.07831915467977524
dia92_utt8,0,anger,1,fear,False,0.08400242030620575,0.416310578584671,0.195430725812912,0.04271610826253891,0.26154014468193054
dia92_utt9,0,anger,0,anger,True,0.5957353711128235,0.10335912555456161,0.21597184240818024,0.01954665780067444,0.06538703292608261
dia92_utt11,0,anger,0,anger,True,0.6167467832565308,0.09125811606645584,0.17281846702098846,0.04904411733150482,0.07013249397277832
dia93_utt0,4,sadness,3,neutral,False,0.05560196191072464,0.21555130183696747,0.07090795040130615,0.5411027073860168,0.11683611571788788
dia93_utt1,3,neutral,3,neutral,True,0.07738462090492249,0.19731928408145905,0.15808185935020447,0.4603518545627594,0.1068623885512352
dia93_utt2,3,neutral,3,neutral,True,0.08596650511026382,0.12737636268138885,0.13527733087539673,0.5024935603141785,0.14888626337051392
dia93_utt3,4,sadness,3,neutral,False,0.051027555018663406,0.21062736213207245,0.11816564947366714,0.47107723355293274,0.149102121591568
dia93_utt4,3,neutral,3,neutral,True,0.14474686980247498,0.16296692192554474,0.09818003326654434,0.4083382189273834,0.18576791882514954
dia93_utt5,3,neutral,3,neutral,True,0.07406914979219437,0.25563961267471313,0.0772080048918724,0.519948422908783,0.07313476502895355
dia93_utt6,4,sadness,3,neutral,False,0.10828842967748642,0.15859107673168182,0.14345885813236237,0.4682065546512604,0.12145506590604782
dia93_utt7,4,sadness,3,neutral,False,0.056587446480989456,0.19693179428577423,0.0881163701415062,0.5687291622161865,0.0896352007985115
dia94_utt0,3,neutral,3,neutral,True,0.06371095031499863,0.20900221168994904,0.23706190288066864,0.41646310687065125,0.07376179099082947
dia94_utt1,2,joy,0,anger,False,0.34269389510154724,0.1230594664812088,0.13924053311347961,0.25053665041923523,0.1444694548845291
dia94_utt3,3,neutral,3,neutral,True,0.08598656952381134,0.12998241186141968,0.0823298767209053,0.5008958578109741,0.20080529153347015
dia94_utt4,3,neutral,3,neutral,True,0.05901854485273361,0.23036573827266693,0.2372724562883377,0.29796987771987915,0.175373375415802
dia94_utt5,2,joy,3,neutral,False,0.07991030067205429,0.132071852684021,0.1763390600681305,0.5057889819145203,0.10588978976011276
dia94_utt6,3,neutral,3,neutral,True,0.08160214871168137,0.2075660228729248,0.16012071073055267,0.46798568964004517,0.08272547274827957
dia94_utt8,3,neutral,3,neutral,True,0.059735946357250214,0.30724000930786133,0.10597213357686996,0.43222135305404663,0.09483060240745544
dia94_utt9,0,anger,3,neutral,False,0.10449352115392685,0.13220511376857758,0.2028476446866989,0.4534561038017273,0.10699763894081116
dia94_utt10,3,neutral,3,neutral,True,0.19387833774089813,0.10246644169092178,0.2112766057252884,0.41914916038513184,0.07322946935892105
dia94_utt11,0,anger,3,neutral,False,0.06218631938099861,0.20142722129821777,0.09409638494253159,0.5486063361167908,0.09368378669023514
dia95_utt0,0,anger,3,neutral,False,0.19203993678092957,0.18458719551563263,0.09597615897655487,0.2777840197086334,0.24961265921592712
dia95_utt1,3,neutral,3,neutral,True,0.08821035921573639,0.2248135358095169,0.09994323551654816,0.5193996429443359,0.06763322651386261
dia95_utt2,0,anger,3,neutral,False,0.10496506839990616,0.1657997965812683,0.09110622107982635,0.5513219833374023,0.08680690824985504
dia95_utt3,3,neutral,3,neutral,True,0.06763528287410736,0.19110558927059174,0.3110671043395996,0.36102041602134705,0.06917162239551544
dia95_utt4,3,neutral,3,neutral,True,0.11535018682479858,0.16651728749275208,0.07877249270677567,0.5597562789916992,0.07960380613803864
dia95_utt6,0,anger,2,joy,False,0.27328017354011536,0.1530345231294632,0.3301220238208771,0.14014124870300293,0.10342202335596085
dia95_utt8,0,anger,2,joy,False,0.3460495173931122,0.2124674767255783,0.34842318296432495,0.03356802836060524,0.05949186906218529
dia95_utt9,3,neutral,3,neutral,True,0.11615331470966339,0.13020868599414825,0.06308212131261826,0.5502942204475403,0.1402616649866104
dia95_utt10,3,neutral,3,neutral,True,0.12524133920669556,0.19014446437358856,0.07089584320783615,0.5134703516960144,0.10024801641702652
dia96_utt0,3,neutral,4,sadness,False,0.05847512558102608,0.10333099961280823,0.08035647124052048,0.2000529170036316,0.5577844381332397
dia96_utt1,3,neutral,3,neutral,True,0.080845408141613,0.13697397708892822,0.10649003088474274,0.5664087533950806,0.10928184539079666
dia96_utt3,2,joy,3,neutral,False,0.0904352143406868,0.19537043571472168,0.09761680662631989,0.5349758267402649,0.08160173892974854
dia97_utt0,2,joy,2,joy,True,0.17641712725162506,0.13886071741580963,0.5950655341148376,0.019909771159291267,0.06974688172340393
dia97_utt1,2,joy,2,joy,True,0.05422479286789894,0.09792806953191757,0.7584840655326843,0.052762169390916824,0.03660086169838905
dia97_utt2,3,neutral,3,neutral,True,0.04948881268501282,0.1491233855485916,0.08005417883396149,0.6528428792953491,0.06849068403244019
dia97_utt3,2,joy,2,joy,True,0.02461930923163891,0.0837959349155426,0.8281182646751404,0.015557559207081795,0.047908954322338104
dia97_utt4,2,joy,2,joy,True,0.26204749941825867,0.1428907811641693,0.5138161778450012,0.025234036147594452,0.05601150169968605
dia97_utt5,2,joy,2,joy,True,0.06699134409427643,0.19733163714408875,0.434074342250824,0.25393617153167725,0.04766662046313286
dia97_utt6,3,neutral,3,neutral,True,0.08977039903402328,0.17232030630111694,0.05803091824054718,0.594740092754364,0.08513828366994858
dia97_utt7,2,joy,2,joy,True,0.06662530452013016,0.14745427668094635,0.6439616084098816,0.0980939045548439,0.04386495426297188
dia97_utt9,2,joy,2,joy,True,0.11423765122890472,0.10628639906644821,0.5404261946678162,0.17007340490818024,0.06897639483213425
dia97_utt11,2,joy,3,neutral,False,0.12475541979074478,0.1528768688440323,0.13188062608242035,0.4554459750652313,0.13504105806350708
dia97_utt13,3,neutral,3,neutral,True,0.0742114931344986,0.15007612109184265,0.08106877654790878,0.5674194097518921,0.12722422182559967
dia97_utt14,1,fear,3,neutral,False,0.27519887685775757,0.18741747736930847,0.037849102169275284,0.3015097975730896,0.19802480936050415
dia97_utt15,3,neutral,3,neutral,True,0.12218174338340759,0.12436364591121674,0.12068460136651993,0.5442485809326172,0.08852136880159378
dia97_utt17,3,neutral,3,neutral,True,0.1021350547671318,0.2212934046983719,0.0797957181930542,0.5358031392097473,0.06097273901104927
dia97_utt19,3,neutral,3,neutral,True,0.04948881268501282,0.1491233855485916,0.08005417883396149,0.6528428792953491,0.06849068403244019
dia97_utt20,2,joy,0,anger,False,0.3556588590145111,0.2645614445209503,0.2748318612575531,0.06477028876543045,0.04017753154039383
dia97_utt21,3,neutral,3,neutral,True,0.06156802922487259,0.1818886697292328,0.10191826522350311,0.578747034072876,0.07587802410125732
dia98_utt0,0,anger,3,neutral,False,0.12054211646318436,0.15372467041015625,0.1090337261557579,0.5550047159194946,0.06169477850198746
dia98_utt2,0,anger,3,neutral,False,0.24911005795001984,0.17018963396549225,0.09952553361654282,0.41840481758117676,0.06276997178792953
dia98_utt3,2,joy,3,neutral,False,0.08185651898384094,0.20664311945438385,0.05584855377674103,0.5301351547241211,0.12551672756671906
dia98_utt4,0,anger,2,joy,False,0.05058698356151581,0.13801416754722595,0.748469352722168,0.01716100610792637,0.04576852545142174
dia99_utt0,2,joy,2,joy,True,0.06187286972999573,0.11603198945522308,0.7348682284355164,0.046590205281972885,0.04063669964671135
dia99_utt1,3,neutral,1,fear,False,0.05224517360329628,0.4695375859737396,0.09198461472988129,0.29918578267097473,0.08704677224159241
dia99_utt2,2,joy,3,neutral,False,0.17435356974601746,0.1931803673505783,0.2652091681957245,0.29056501388549805,0.07669190317392349
dia99_utt4,2,joy,2,joy,True,0.06089971959590912,0.11929409950971603,0.7363166213035583,0.02321106381714344,0.060278456658124924
dia99_utt7,3,neutral,2,joy,False,0.051753681153059006,0.24546051025390625,0.43972253799438477,0.2108781784772873,0.05218505859375
dia99_utt8,3,neutral,2,joy,False,0.04398846626281738,0.12347041070461273,0.621035635471344,0.15466350317001343,0.05684198439121246
dia100_utt0,3,neutral,3,neutral,True,0.06149492412805557,0.1715429276227951,0.07720727473497391,0.6244215965270996,0.0653332769870758
dia101_utt0,4,sadness,0,anger,False,0.7111474275588989,0.10303684324026108,0.03455200791358948,0.044998347759246826,0.10626540333032608
dia102_utt0,3,neutral,3,neutral,True,0.14929917454719543,0.15358780324459076,0.06390780210494995,0.5081027150154114,0.12510249018669128
dia102_utt1,3,neutral,3,neutral,True,0.07888779044151306,0.35320544242858887,0.0619802251458168,0.43828535079956055,0.0676412358880043
dia103_utt0,3,neutral,3,neutral,True,0.08726892620325089,0.21912641823291779,0.09224189072847366,0.5101064443588257,0.09125631302595139
dia103_utt1,4,sadness,3,neutral,False,0.1105605959892273,0.09401499480009079,0.22869069874286652,0.29877904057502747,0.26795461773872375
dia103_utt2,2,joy,2,joy,True,0.08858940005302429,0.14668458700180054,0.4003394842147827,0.20947572588920593,0.1549108773469925
dia103_utt3,3,neutral,3,neutral,True,0.15457038581371307,0.11363616585731506,0.16732436418533325,0.44954949617385864,0.11491955071687698
dia103_utt4,2,joy,4,sadness,False,0.06384813040494919,0.11134790629148483,0.0552559494972229,0.17461976408958435,0.5949283242225647
dia104_utt0,2,joy,2,joy,True,0.22670260071754456,0.12028332054615021,0.5472942590713501,0.032835494726896286,0.07288430631160736
dia104_utt1,4,sadness,2,joy,False,0.1039329469203949,0.16061630845069885,0.4012465476989746,0.23959524929523468,0.09460894018411636
dia104_utt2,2,joy,1,fear,False,0.17596480250358582,0.5433346033096313,0.14255283772945404,0.02546178176999092,0.11268600076436996
dia104_utt3,3,neutral,3,neutral,True,0.0900205671787262,0.17030848562717438,0.0515684112906456,0.45984870195388794,0.2282537817955017
dia104_utt5,0,anger,4,sadness,False,0.21907824277877808,0.189967080950737,0.09201920032501221,0.24529610574245453,0.2536393404006958
dia104_utt6,2,joy,2,joy,True,0.06593012809753418,0.11910746246576309,0.7261564135551453,0.03772209212183952,0.05108385533094406
dia104_utt7,2,joy,2,joy,True,0.01623731292784214,0.08015734702348709,0.8693802356719971,0.00994507409632206,0.024280063807964325
dia104_utt9,1,fear,0,anger,False,0.6700927019119263,0.13774234056472778,0.12462224811315536,0.018787603825330734,0.04875514283776283
dia104_utt11,1,fear,1,fear,True,0.35424235463142395,0.36352938413619995,0.13138467073440552,0.034212082624435425,0.11663148552179337
dia104_utt13,1,fear,1,fear,True,0.35424235463142395,0.36352938413619995,0.13138467073440552,0.034212082624435425,0.11663148552179337
dia104_utt14,2,joy,2,joy,True,0.04133950173854828,0.0997510701417923,0.8126773238182068,0.015690704807639122,0.0305414330214262
dia104_utt15,0,anger,1,fear,False,0.35387593507766724,0.5260681509971619,0.030695686116814613,0.008097882382571697,0.08126232773065567
dia105_utt0,3,neutral,3,neutral,True,0.07779435068368912,0.16655060648918152,0.08684944361448288,0.6092168092727661,0.05958877131342888
dia105_utt1,3,neutral,3,neutral,True,0.06665615737438202,0.15638652443885803,0.08182849735021591,0.6229153871536255,0.07221339643001556
dia105_utt2,0,anger,0,anger,True,0.6312588453292847,0.1345340758562088,0.08074688911437988,0.056854162365198135,0.09660599380731583
dia105_utt3,0,anger,0,anger,True,0.4549066722393036,0.114765964448452,0.3403767943382263,0.024062126874923706,0.06588846445083618
dia105_utt4,2,joy,2,joy,True,0.02492222748696804,0.07541444152593613,0.8481892943382263,0.019504455849528313,0.03196953609585762
dia105_utt5,3,neutral,3,neutral,True,0.05220123007893562,0.19884157180786133,0.2667878568172455,0.40127894282341003,0.08089033514261246
dia105_utt6,3,neutral,3,neutral,True,0.1382666826248169,0.18429501354694366,0.11093778163194656,0.46615415811538696,0.10034634917974472
dia105_utt7,3,neutral,3,neutral,True,0.08921138942241669,0.12126951664686203,0.10712453722953796,0.593204915523529,0.08918961137533188
dia105_utt8,2,joy,3,neutral,False,0.08546463400125504,0.1620844155550003,0.06607420742511749,0.5608482360839844,0.125528484582901
dia105_utt9,2,joy,3,neutral,False,0.10847606509923935,0.15195214748382568,0.07243727147579193,0.5075007677078247,0.15963372588157654
dia105_utt10,0,anger,3,neutral,False,0.1139376163482666,0.16166149079799652,0.09471161663532257,0.5546929836273193,0.07499626278877258
dia105_utt11,0,anger,3,neutral,False,0.08905823528766632,0.15230436623096466,0.26901283860206604,0.3999115824699402,0.08971290290355682
dia106_utt0,3,neutral,2,joy,False,0.12219518423080444,0.1815321296453476,0.4288000762462616,0.19429250061511993,0.07318016141653061
dia106_utt1,3,neutral,3,neutral,True,0.0854220986366272,0.13695478439331055,0.13232049345970154,0.5141559839248657,0.1311465948820114
dia106_utt2,3,neutral,3,neutral,True,0.10625267028808594,0.15546728670597076,0.05388569459319115,0.6009345650672913,0.08345978707075119
dia106_utt3,3,neutral,3,neutral,True,0.13784544169902802,0.16436628997325897,0.15185631811618805,0.4095759093761444,0.1363559514284134
dia106_utt4,2,joy,2,joy,True,0.1987830400466919,0.20235754549503326,0.44851163029670715,0.05967092141509056,0.09067681431770325
dia106_utt5,3,neutral,4,sadness,False,0.11807063966989517,0.20425696671009064,0.08099034428596497,0.24315404891967773,0.3535280227661133
dia107_utt0,3,neutral,3,neutral,True,0.04960113763809204,0.13471470773220062,0.07195810973644257,0.65688556432724,0.0868404284119606
dia107_utt1,3,neutral,2,joy,False,0.14271856844425201,0.14211012423038483,0.5206269025802612,0.12883715331554413,0.0657072588801384
dia108_utt1,1,fear,2,joy,False,0.21105295419692993,0.09655634313821793,0.6015276312828064,0.03383658826351166,0.057026457041502
dia108_utt3,0,anger,0,anger,True,0.6521949172019958,0.07056021690368652,0.16538450121879578,0.018628254532814026,0.09323208779096603
dia108_utt4,0,anger,0,anger,True,0.6521949172019958,0.07056021690368652,0.16538450121879578,0.018628254532814026,0.09323208779096603
dia108_utt5,0,anger,0,anger,True,0.6521949172019958,0.07056021690368652,0.16538450121879578,0.018628254532814026,0.09323208779096603
dia108_utt6,0,anger,0,anger,True,0.6521949172019958,0.07056021690368652,0.16538450121879578,0.018628254532814026,0.09323208779096603
dia108_utt8,4,sadness,4,sadness,True,0.10910636186599731,0.1080988347530365,0.1561160385608673,0.2992730736732483,0.32740575075149536
dia108_utt9,3,neutral,3,neutral,True,0.09319943934679031,0.13647621870040894,0.060232874006032944,0.5930790305137634,0.11701249331235886
dia108_utt10,2,joy,2,joy,True,0.030843034386634827,0.11783001571893692,0.7428927421569824,0.06707198917865753,0.041362226009368896
dia108_utt11,2,joy,2,joy,True,0.04402753710746765,0.09854164719581604,0.7942460775375366,0.028845779597759247,0.03433894366025925
dia108_utt12,1,fear,0,anger,False,0.662390410900116,0.09347791224718094,0.07690222561359406,0.04362543299794197,0.12360402196645737
dia108_utt13,3,neutral,3,neutral,True,0.05911130830645561,0.33735018968582153,0.11350966989994049,0.37818342447280884,0.11184540390968323
dia108_utt14,3,neutral,3,neutral,True,0.06604611128568649,0.16328619420528412,0.062105197459459305,0.5473558902740479,0.1612066626548767
dia109_utt0,3,neutral,3,neutral,True,0.16185881197452545,0.23928482830524445,0.1344233900308609,0.2698245048522949,0.19460844993591309
dia109_utt1,2,joy,4,sadness,False,0.03456833213567734,0.08588182181119919,0.053383857011795044,0.0650886669754982,0.7610772848129272
dia109_utt3,4,sadness,0,anger,False,0.4638124108314514,0.09222634881734848,0.24874626100063324,0.082671158015728,0.11254380643367767
dia109_utt4,0,anger,3,neutral,False,0.18039533495903015,0.12013986706733704,0.24221564829349518,0.36969560384750366,0.08755352348089218
dia109_utt5,3,neutral,3,neutral,True,0.13751062750816345,0.21851091086864471,0.10743381828069687,0.42345914244651794,0.11308553814888
dia109_utt6,3,neutral,3,neutral,True,0.13352057337760925,0.1177811548113823,0.08851604163646698,0.5616281628608704,0.0985541045665741
dia109_utt7,3,neutral,3,neutral,True,0.1396583914756775,0.14706367254257202,0.2315119504928589,0.40305572748184204,0.07871030271053314
dia110_utt0,3,neutral,3,neutral,True,0.09733638167381287,0.12478421628475189,0.10750508308410645,0.4690374433994293,0.20133687555789948
dia110_utt1,3,neutral,3,neutral,True,0.06604611128568649,0.16328619420528412,0.062105197459459305,0.5473558902740479,0.1612066626548767
dia110_utt2,3,neutral,3,neutral,True,0.09648266434669495,0.14014388620853424,0.07515912503004074,0.5663083791732788,0.12190597504377365
dia110_utt3,3,neutral,3,neutral,True,0.07981782406568527,0.17860323190689087,0.1358410120010376,0.44431939721107483,0.1614186018705368
dia110_utt4,3,neutral,3,neutral,True,0.08319082856178284,0.23733599483966827,0.19541801512241364,0.3850463032722473,0.09900885075330734
dia110_utt5,2,joy,2,joy,True,0.053837232291698456,0.1490127295255661,0.7002203464508057,0.011838025413453579,0.08509165048599243
dia110_utt6,2,joy,2,joy,True,0.06113094091415405,0.1704651415348053,0.40708181262016296,0.2979728877544403,0.06334921717643738
dia110_utt8,2,joy,2,joy,True,0.13714991509914398,0.1895788460969925,0.4152931571006775,0.18160541355609894,0.07637269794940948
dia110_utt9,2,joy,2,joy,True,0.03300243243575096,0.15559251606464386,0.6221023797988892,0.1074211522936821,0.08188146352767944
dia111_utt0,0,anger,3,neutral,False,0.17211467027664185,0.2182849496603012,0.08245812356472015,0.28999361395835876,0.23714862763881683
dia111_utt1,3,neutral,3,neutral,True,0.16460661590099335,0.3226679265499115,0.09792881458997726,0.32790929079055786,0.08688731491565704
dia111_utt2,3,neutral,3,neutral,True,0.11847075074911118,0.17211635410785675,0.2793809473514557,0.33031830191612244,0.09971366822719574
dia112_utt0,0,anger,0,anger,True,0.7363080978393555,0.13311314582824707,0.04586809128522873,0.018999679014086723,0.06571102887392044
dia112_utt1,4,sadness,2,joy,False,0.0693211629986763,0.10839388519525528,0.499132364988327,0.13892588019371033,0.18422672152519226
dia112_utt2,3,neutral,3,neutral,True,0.06835868209600449,0.22315667569637299,0.07972452044487,0.5358480215072632,0.09291204810142517
dia112_utt3,4,sadness,0,anger,False,0.812773585319519,0.06906156986951828,0.045319341123104095,0.015570444986224174,0.05727502703666687
dia112_utt4,3,neutral,2,joy,False,0.2564045786857605,0.15643353760242462,0.4250163435935974,0.07575604319572449,0.08638947457075119
dia113_utt0,3,neutral,2,joy,False,0.07827700674533844,0.16036663949489594,0.4652060270309448,0.21055687963962555,0.08559349924325943
dia113_utt1,4,sadness,3,neutral,False,0.06147781014442444,0.3026043772697449,0.08606493473052979,0.37457993626594543,0.17527298629283905
dia113_utt2,3,neutral,1,fear,False,0.14822810888290405,0.43288350105285645,0.1840118020772934,0.06782650202512741,0.1670500636100769
dia113_utt3,4,sadness,3,neutral,False,0.09183908998966217,0.37175366282463074,0.06036203354597092,0.39844414591789246,0.07760106027126312
dia113_utt4,3,neutral,2,joy,False,0.10152099281549454,0.19905985891819,0.3709859549999237,0.23853445053100586,0.0898987203836441
dia113_utt5,3,neutral,3,neutral,True,0.09873732924461365,0.1825392097234726,0.10611087083816528,0.5230616927146912,0.08955086767673492
dia113_utt7,3,neutral,3,neutral,True,0.06698557734489441,0.19017304480075836,0.1491820067167282,0.4586583077907562,0.13500110805034637
dia113_utt8,4,sadness,4,sadness,True,0.0815284326672554,0.06560597568750381,0.04338407889008522,0.1127084493637085,0.6967730522155762
dia113_utt9,4,sadness,3,neutral,False,0.07745209336280823,0.17621082067489624,0.059355590492486954,0.5722978711128235,0.11468356847763062
dia113_utt10,4,sadness,4,sadness,True,0.10236914455890656,0.20518210530281067,0.3382880985736847,0.011884856037795544,0.3422757387161255
dia113_utt11,4,sadness,4,sadness,True,0.022162586450576782,0.048924367874860764,0.04460600018501282,0.02037729322910309,0.8639296889305115
dia113_utt12,4,sadness,4,sadness,True,0.389122873544693,0.11174444109201431,0.07733699679374695,0.015191423706710339,0.40660426020622253
dia113_utt13,4,sadness,2,joy,False,0.12590855360031128,0.13550956547260284,0.6624574065208435,0.026709485799074173,0.04941495507955551
